827 1
852 1
901 1
915 2
917 2
919 3
922 1
930 1
931 1
932 1
933 1
934 1
935 2
936 3
937 3
938 1
939 1
940 3
941 3
946 1
953 1
955 3
956 1
958 1
962 2
963 2
966 3
973 1
974 1
975 1
977 3
978 1
981 3
983 3
984 1
985 8
986 1
987 1
989 1
990 2
991 10
993 1
994 4
995 6
996 4
997 4
999 1
1000 2
1001 4
1002 2
1003 2
1004 1
1005 5
1006 6
1007 4
1008 1
1009 8
1010 4
1011 3
1012 7
1013 3
1014 14
1015 1
1016 12
1017 6
1018 3
1019 10
1020 11
1021 5
1022 15
1023 12
1024 6
1025 5
1026 4
1027 6
1028 3
1029 14
1030 12
1031 1
1032 17
1033 6
1034 11
1035 7
1036 11
1037 5
1038 8
1039 9
1040 15
1041 4
1042 12
1043 11
1044 6
1045 14
1046 9
1047 1
1048 9
1049 10
1050 25
1051 3
1052 1
1053 3
1054 11
1055 14
1056 14
1057 17
1058 16
1059 6
1060 7
1061 2
1062 32
1063 8
1064 9
1065 5
1066 11
1067 26
1068 20
1069 18
1070 35
1071 19
1072 14
1073 4
1074 22
1075 13
1076 24
1077 13
1078 27
1079 16
1080 26
1081 19
1082 3
1083 18
1084 39
1085 17
1086 23
1087 39
1088 35
1089 3
1090 42
1091 35
1092 57
1093 17
1094 6
1095 40
1096 40
1097 8
1098 39
1099 10
1100 47
1101 29
1102 31
1103 24
1104 58
1105 24
1106 53
1107 24
1108 36
1109 5
1110 53
1111 18
1112 24
1113 30
1114 59
1115 5
1116 47
1117 4
1118 34
1119 47
1120 55
1121 14
1122 61
1123 8
1124 75
1125 30
1126 49
1127 51
1128 100
1129 29
1130 125
1131 59
1132 47
1133 32
1134 85
1135 20
1136 59
1137 38
1138 62
1139 26
1140 52
1141 14
1142 130
1143 43
1144 71
1145 34
1146 95
1147 37
1148 98
1149 38
1150 88
1151 72
1152 49
1153 36
1154 126
1155 103
1156 115
1157 13
1158 212
1159 61
1160 172
1161 38
1162 94
1163 121
1164 137
1165 33
1166 133
1167 53
1168 241
1169 21
1170 116
1171 24
1172 198
1173 36
1174 33
1175 64
1176 120
1177 26
1178 164
1179 132
1180 87
1181 78
1182 293
1183 62
1184 202
1185 81
1186 145
1187 76
1188 324
1189 18
1190 127
1191 136
1192 155
1193 117
1194 204
1195 146
1196 121
1197 82
1198 204
1199 109
1200 389
1201 41
1202 297
1203 111
1204 288
1205 99
1206 226
1207 108
1208 319
1209 114
1210 206
1211 98
1212 295
1213 45
1214 339
1215 116
1216 186
1217 77
1218 267
1219 62
1220 195
1221 123
1222 353
1223 96
1224 394
1225 112
1226 279
1227 141
1228 406
1229 100
1230 346
1231 87
1232 372
1233 154
1234 296
1235 251
1236 532
1237 186
1238 631
1239 185
1240 392
1241 114
1242 433
1243 84
1244 303
1245 131
1246 319
1247 322
1248 358
1249 95
1250 408
1251 318
1252 532
1253 101
1254 495
1255 88
1256 626
1257 200
1258 630
1259 504
1260 547
1261 180
1262 442
1263 398
1264 561
1265 68
1266 460
1267 237
1268 883
1269 177
1270 471
1271 118
1272 1110
1273 102
1274 399
1275 196
1276 487
1277 254
1278 1011
1279 217
1280 586
1281 171
1282 568
1283 417
1284 582
1285 95
1286 778
1287 370
1288 521
1289 609
1290 986
1291 208
1292 1072
1293 308
1294 546
1295 422
1296 882
1297 185
1298 1137
1299 569
1300 797
1301 162
1302 838
1303 290
1304 878
1305 324
1306 616
1307 686
1308 1486
1309 319
1310 906
1311 381
1312 937
1313 306
1314 1319
1315 178
1316 1183
1317 472
1318 819
1319 515
1320 1245
1321 121
1322 1809
1323 913
1324 847
1325 627
1326 995
1327 582
1328 1546
1329 318
1330 832
1331 434
1332 1805
1333 450
1334 956
1335 549
1336 913
1337 386
1338 1172
1339 544
1340 1463
1341 509
1342 728
1343 2153
1344 1684
1345 381
1346 928
1347 653
1348 1909
1349 395
1350 1587
1351 188
1352 1834
1353 884
1354 784
1355 581
1356 2036
1357 860
1358 1143
1359 587
1360 1960
1361 550
1362 1984
1363 279
1364 1696
1365 594
1366 1197
1367 200
1368 1938
1369 1347
1370 1416
1371 580
1372 1950
1373 1278
1374 1720
1375 1410
1376 1124
1377 943
1378 1012
1379 303
1380 1904
1381 268
1382 2614
1383 1007
1384 1567
1385 2246
1386 1420
1387 298
1388 2986
1389 1027
1390 1506
1391 2276
1392 2630
1393 947
1394 1923
1395 1804
1396 1807
1397 314
1398 2058
1399 367
1400 1507
1401 1075
1402 1973
1403 2865
1404 3625
1405 590
1406 2705
1407 1722
1408 3011
1409 1137
1410 2220
1411 705
1412 3060
1413 1486
1414 1523
1415 2095
1416 2364
1417 2041
1418 2048
1419 1319
1420 2430
1421 1259
1422 3995
1423 888
1424 2465
1425 1840
1426 2388
1427 3074
1428 3210
1429 1977
1430 2704
1431 1252
1432 2423
1433 1575
1434 3486
1435 2861
1436 3095
1437 1571
1438 1750
1439 1441
1440 3805
1441 2177
1442 3122
1443 2406
1444 2655
1445 1623
1446 3160
1447 1639
1448 4211
1449 1578
1450 2901
1451 1503
1452 6374
1453 6119
1454 2242
1455 1972
1456 3162
1457 877
1458 3596
1459 522
1460 4152
1461 2451
1462 2935
1463 381
1464 5518
1465 2312
1466 4336
1467 1799
1468 3336
1469 1494
1470 2932
1471 790
1472 4929
1473 1732
1474 3588
1475 2341
1476 5679
1477 807
1478 2236
1479 902
1480 3548
1481 1034
1482 3971
1483 1089
1484 4224
1485 1668
1486 3002
1487 6294
1488 5477
1489 583
1490 4091
1491 1741
1492 9386
1493 7109
1494 4201
1495 7843
1496 3095
1497 1319
1498 2669
1499 726
1500 4308
1501 1557
1502 2221
1503 1996
1504 4326
1505 1694
1506 6187
1507 1100
1508 9679
1509 2740
1510 4654
1511 868
1512 4460
1513 1784
1514 3743
1515 3517
1516 3601
1517 568
1518 5740
1519 446
1520 5297
1521 6455
1522 1946
1523 1995
1524 5311
1525 2502
1526 2237
1527 2468
1528 4348
1529 1730
1530 4677
1531 5087
1532 3597
1533 7944
1534 6744
1535 1659
1536 5709
1537 4850
1538 3672
1539 4522
1540 4086
1541 3751
1542 7305
1543 2915
1544 8222
1545 4919
1546 4191
1547 5099
1548 8410
1549 4660
1550 5175
1551 5206
1552 7216
1553 2907
1554 3337
1555 5452
1556 8040
1557 5229
1558 8167
1559 886
1560 12980
1561 1490
1562 2867
1563 9172
1564 2893
1565 4572
1566 3558
1567 800
1568 7868
1569 960
1570 5933
1571 8606
1572 15436
1573 8155
1574 3557
1575 4365
1576 13364
1577 2406
1578 7620
1579 2388
1580 6157
1581 2302
1582 7331
1583 3500
1584 6244
1585 1607
1586 5247
1587 3278
1588 8427
1589 3920
1590 4581
1591 4825
1592 11421
1593 3278
1594 5353
1595 1076
1596 7811
1597 27972
1598 2051
1599 6532
1600 8109
1601 2988
1602 4068
1603 3191
1604 9727
1605 6691
1606 7820
1607 613
1608 9873
1609 375
1610 4713
1611 2462
1612 9320
1613 1730
1614 8182
1615 375
1616 7437
1617 1787
1618 9067
1619 449
1620 9446
1621 2180
1622 4053
1623 3829
1624 6824
1625 4547
1626 11198
1627 547
1628 2415
1629 5985
1630 12844
1631 2128
1632 8216
1633 3630
1634 6666
1635 6329
1636 9681
1637 1379
1638 6934
1639 104
1640 8318
1641 2567
1642 5782
1643 1147
1644 13167
1645 2571
1646 4847
1647 4834
1648 8505
1649 1051
1650 8205
1651 2499
1652 11654
1653 6238
1654 4592
1655 2367
1656 9280
1657 1402
1658 8605
1659 5450
1660 21607
1661 8765
1662 23873
1663 1206
1664 11544
1665 16187
1666 2635
1667 3236
1668 13251
1669 9749
1670 5363
1671 4388
1672 14462
1673 1481
1674 7233
1675 17262
1676 8021
1677 19108
1678 7312
1679 1709
1680 9438
1681 11883
1682 2449
1683 1051
1684 10730
1685 1894
1686 29030
1687 1117
1688 9067
1689 2096
1690 6901
1691 803
1692 9807
1693 2253
1694 3336
1695 1699
1696 6230
1697 1196
1698 7129
1699 24741
1700 5940
1701 24994
1702 25757
1703 899
1704 12866
1705 1262
1706 3510
1707 24970
1708 5946
1709 2720
1710 6805
1711 585
1712 7223
1713 4054
1714 4545
1715 1149
1716 12543
1717 2383
1718 7027
1719 3380
1720 8494
1721 1008
1722 7774
1723 1294
1724 8175
1725 5880
1726 4309
1727 392
1728 15003
1729 1245
1730 5472
1731 1219
1732 10221
1733 2811
1734 6303
1735 3307
1736 6293
1737 2881
1738 5000
1739 2426
1740 14832
1741 16387
1742 6712
1743 3118
1744 11023
1745 734
1746 8844
1747 1504
1748 4534
1749 6600
1750 11238
1751 217
1752 15747
1753 2696
1754 6684
1755 8440
1756 14763
1757 3258
1758 14822
1759 721
1760 3314
1761 1598
1762 11702
1763 108
1764 18431
1765 1775
1766 14515
1767 1391
1768 3248
1769 3809
1770 21101
1771 732
1772 11301
1773 7063
1774 5963
1775 2290
1776 20021
1777 943
1778 1566
1779 13997
1780 18188
1781 3074
1782 10687
1783 5978
1784 6646
1785 15162
1786 1208
1787 7246
1788 7309
1789 855
1790 12369
1791 2929
1792 2858
1793 336
1794 13100
1795 8103
1796 16548
1797 4687
1798 12206
1799 3531
1800 8102
1801 2476
1802 12281
1803 407
1804 11901
1805 1402
1806 12678
1807 7783
1808 3850
1809 2796
1810 10533
1811 14797
1812 16595
1813 4559
1814 2317
1815 14714
1816 9093
1817 602
1818 4159
1819 822
1820 3710
1821 7058
1822 15335
1823 630
1824 7785
1825 15636
1826 1184
1827 12726
1828 3864
1829 439
1830 6632
1831 4502
1832 12895
1833 3037
1834 4142
1835 362
1836 6197
1837 17076
1838 8654
1839 1765
1840 4678
1841 4011
1842 5888
1843 249
1844 7605
1845 7221
1846 11605
1847 803
1848 12529
1849 415
1850 5727
1851 1184
1852 11722
1853 7211
1854 7374
1855 508
1856 12122
1857 3605
1858 10805
1859 17
1860 8118
1861 7290
1862 3217
1863 1898
1864 11392
1865 2514
1866 3860
1867 417
1868 6306
1869 2331
1870 2981
1871 934
1872 4110
1873 1202
1874 4440
1875 4084
1876 9657
1877 8757
1878 7793
1879 847
1880 9730
1881 857
1882 8315
1883 2074
1884 7133
1885 2677
1886 2546
1887 1182
1888 3923
1889 3464
1890 10306
1891 1738
1892 5834
1893 1423
1894 4188
1895 1269
1896 10161
1897 1782
1898 3568
1899 2209
1900 7357
1901 1786
1902 5515
1903 962
1904 1444
1905 3151
1906 8822
1907 983
1908 5309
1909 1118
1910 4555
1911 2491
1912 8634
1913 211
1914 765
1915 1020
1916 4149
1917 1734
1918 4371
1919 158
1920 12090
1921 1171
1922 12788
1923 283
1924 3743
1925 1769
1926 7411
1927 2059
1928 5186
1929 3690
1930 6757
1931 407
1932 3547
1933 2311
1934 2758
1935 2343
1936 6462
1937 350
1938 1919
1939 131
1940 7239
1941 1634
1942 7234
1943 681
1944 2916
1945 2537
1946 5070
1947 166
1948 6214
1949 298
1950 9481
1951 2149
1952 7177
1953 2371
1954 464
1955 5606
1956 2209
1957 3031
1958 6121
1959 2515
1960 4806
1961 2496
1962 1934
1963 297
1964 4460
1965 3031
1966 1270
1967 2292
1968 3615
1969 1219
1970 1172
1971 326
1972 3183
1973 795
1974 1742
1975 5963
1976 8765
1977 591
1978 3431
1979 889
1980 5864
1981 2997
1982 4408
1983 191
1984 2230
1985 2831
1986 7026
1987 93
1988 2470
1989 782
1990 2774
1991 26
1992 6260
1993 295
1994 1386
1995 426
1996 5288
1997 280
1998 3266
1999 328
2000 5347
2001 3818
2002 2509
2003 399
2004 3309
2005 3777
2006 2958
2007 590
2008 2920
2009 100
2010 3151
2011 348
2012 2932
2013 2249
2014 1333
2015 353
2016 1956
2017 946
2018 1468
2019 282
2020 3425
2021 4073
2022 2164
2023 203
2024 3615
2025 539
2026 4151
2027 575
2028 1099
2029 105
2030 1117
2031 737
2032 1515
2033 274
2034 2551
2035 1373
2036 3449
2037 669
2038 1689
2039 739
2040 3785
2041 940
2042 758
2043 138
2044 940
2045 825
2046 4048
2047 657
2048 2327
2050 1883
2051 91
2052 1164
2053 526
2054 1981
2055 885
2056 2317
2057 351
2058 1740
2059 599
2060 2953
2061 178
2062 1415
2063 209
2064 1242
2065 966
2066 875
2067 794
2068 1588
2069 403
2070 3290
2071 126
2072 2669
2073 194
2074 1890
2075 93
2076 966
2077 1204
2078 1848
2079 15
2080 3774
2081 82
2082 875
2083 31
2084 1249
2085 1900
2086 575
2087 327
2088 2091
2089 230
2090 3261
2091 301
2092 2062
2093 1301
2094 983
2095 12
2096 1179
2097 67
2098 1504
2099 139
2100 1259
2101 1497
2102 247
2103 599
2104 385
2105 2227
2106 527
2107 195
2108 1222
2109 302
2110 1336
2111 18
2112 974
2113 39
2114 881
2115 135
2116 2399
2117 106
2118 502
2119 41
2120 3305
2121 196
2122 69
2123 91
2124 1251
2125 1656
2126 1902
2127 139
2128 905
2129 113
2130 712
2132 1138
2133 131
2134 196
2135 136
2136 1997
2137 801
2138 1576
2139 85
2140 982
2141 2
2142 546
2143 57
2144 997
2145 61
2146 1001
2147 227
2148 529
2149 94
2150 1089
2151 225
2152 948
2153 593
2154 417
2155 12
2156 611
2157 103
2158 596
2159 18
2160 770
2161 1055
2162 261
2163 89
2164 688
2165 61
2166 1094
2167 4
2168 702
2169 400
2170 75
2171 52
2172 693
2173 31
2174 1171
2175 226
2176 1579
2178 414
2179 31
2180 963
2181 137
2182 296
2183 53
2184 737
2185 2091
2186 709
2187 30
2188 601
2189 531
2190 1780
2191 178
2192 1267
2193 250
2194 705
2195 69
2196 391
2197 71
2198 809
2199 22
2200 723
2201 40
2202 246
2203 129
2204 355
2205 327
2206 881
2207 26
2208 1994
2209 2
2210 1007
2211 37
2212 281
2213 304
2214 1056
2215 17
2216 492
2217 210
2218 616
2219 7
2220 594
2221 188
2222 565
2223 310
2224 198
2225 139
2226 27
2227 96
2228 1095
2229 297
2230 258
2231 44
2232 547
2233 287
2234 98
2235 352
2236 283
2237 4
2238 392
2239 50
2240 902
2241 334
2242 5
2244 1
2245 4
2246 634
2247 7
2248 538
2249 39
2250 357
2251 9
2252 138
2253 533
2254 8
2255 3
2256 777
2257 215
2258 440
2259 12
2260 79
2261 370
2262 265
2263 272
2264 475
2265 1238
2266 22
2268 500
2269 4
2270 124
2271 25
2272 116
2273 383
2274 127
2275 15
2276 359
2277 661
2278 265
2279 341
2280 593
2281 312
2282 40
2283 24
2284 165
2285 418
2288 110
2289 7
2290 439
2291 12
2292 613
2293 162
2294 431
2296 387
2297 151
2298 518
2300 771
2301 183
2302 111
2303 2
2304 546
2305 518
2306 520
2307 2
2308 176
2309 197
2310 62
2312 447
2313 70
2314 29
2315 206
2316 962
2317 9
2318 84
2319 201
2320 105
2321 18
2322 28
2323 15
2324 91
2325 165
2326 101
2327 91
2328 83
2329 9
2330 991
2332 15
2333 195
2334 95
2335 101
2336 76
2337 17
2338 15
2339 6
2340 184
2342 232
2343 8
2344 42
2345 286
2346 468
2347 16
2348 92
2349 240
2350 223
2351 8
2352 88
2354 16
2355 18
2356 85
2357 106
2358 28
2359 3
2360 38
2361 338
2362 16
2363 30
2364 107
2366 156
2367 77
2368 103
2370 146
2371 55
2372 5
2373 342
2374 67
2376 101
2378 46
2380 21
2381 34
2382 112
2383 20
2384 62
2385 41
2386 136
2387 2
2388 19
2389 24
2390 164
2391 69
2392 112
2393 103
2394 14
2395 87
2396 52
2400 51
2401 64
2402 28
2403 3
2404 64
2405 55
2406 25
2407 7
2408 68
2412 132
2413 4
2414 10
2415 17
2416 65
2417 66
2418 100
2419 2
2420 358
2422 52
2423 120
2424 18
2425 16
2426 131
2427 14
2428 59
2430 13
2432 131
2433 22
2434 4
2436 52
2437 15
2438 23
2439 49
2441 80
2442 3
2444 262
2445 48
2446 51
2447 66
2448 43
2449 1
2450 59
2452 3
2453 9
2454 255
2455 17
2456 83
2457 6
2459 41
2460 8
2462 6
2465 3
2466 7
2468 126
2470 25
2474 22
2478 16
2480 254
2482 1
2483 2
2484 303
2486 2
2488 1
2489 114
2490 15
2492 14
2493 57
2495 1
2496 40
2500 223
2501 128
2502 106
2503 129
2504 24
2505 98
2508 25
2509 232
2510 3
2516 5
2522 21
2523 108
2525 192
2526 22
2531 50
2535 14
2537 6
2540 17
2543 133
2544 7
2545 132
2547 69
2550 63
2552 61
2556 55
2558 51
2561 7
2565 27
2566 15
2568 30
2574 86
2576 26
2578 17
2580 62
2581 3
2582 15
2586 12
2588 75
2590 11
2591 39
2592 105
2595 27
2596 74
2598 29
2600 33
2603 6
2604 31
2606 6
2607 31
2613 36
2615 59
2616 35
2623 37
2627 40
2628 5
2630 17
2631 40
2636 1
2637 41
2642 18
2646 51
2652 2
2655 51
2661 15
2669 92
2673 53
2677 2
2678 17
2679 47
2680 1
2689 2
2690 1
2692 13
2699 27
2700 10
2705 74
2712 12
2714 4
2717 14
2723 38
2733 25
2734 6
2782 15
2791 5
2798 3
2800 8
2805 6
2814 5
2822 3
2823 10
2825 6
2826 3
2833 6
2841 6
2844 1
2850 3
2852 2
2900 7
2904 7
2918 3
2925 2
2942 5
2954 5
2958 3
2977 20
2979 15
2987 21
2993 2
2995 27
3005 12
3006 6
3131 11
3133 5
3158 4
