2027 1
2036 1
2070 1
2084 1
2085 1
2086 2
2104 1
2113 1
2150 1
2171 1
2175 1
2203 1
2205 1
2207 1
2210 2
2211 2
2213 4
2215 2
2217 2
2220 4
2225 1
2233 1
2239 1
2241 1
2242 2
2243 1
2246 1
2248 1
2249 1
2250 1
2252 2
2253 3
2254 2
2255 1
2256 5
2257 1
2258 2
2259 3
2260 1
2261 3
2262 3
2264 4
2267 2
2271 1
2272 1
2273 1
2274 3
2277 4
2280 1
2282 1
2283 1
2285 3
2286 2
2287 1
2288 1
2290 1
2291 2
2292 4
2293 2
2294 3
2295 3
2296 2
2297 4
2298 4
2299 1
2300 6
2301 1
2302 2
2304 1
2305 4
2306 2
2307 1
2308 7
2309 2
2310 1
2312 2
2313 1
2314 3
2315 2
2316 2
2317 2
2318 4
2321 1
2322 1
2324 1
2325 1
2326 3
2327 3
2328 1
2330 2
2331 3
2332 3
2333 2
2334 4
2336 1
2337 3
2338 1
2341 1
2343 4
2344 3
2346 2
2347 2
2348 1
2349 4
2350 4
2351 2
2352 5
2353 2
2354 4
2355 3
2356 1
2357 1
2358 4
2359 1
2360 4
2361 2
2362 1
2363 1
2364 8
2365 4
2366 2
2367 1
2368 1
2369 1
2370 1
2371 2
2372 4
2373 4
2374 1
2375 4
2376 3
2377 1
2378 10
2380 8
2382 6
2383 1
2385 7
2386 1
2387 3
2389 1
2390 2
2391 2
2392 1
2394 5
2396 2
2398 3
2400 3
2401 6
2402 7
2403 7
2404 2
2405 1
2406 7
2407 5
2408 8
2409 1
2410 3
2411 4
2412 4
2413 3
2414 3
2415 1
2416 1
2418 10
2419 2
2420 3
2421 3
2422 5
2423 7
2424 2
2425 16
2426 11
2427 14
2428 10
2429 16
2430 2
2431 3
2432 3
2433 4
2435 9
2436 14
2437 5
2438 7
2439 12
2440 3
2441 23
2442 6
2443 9
2444 1
2445 8
2446 6
2447 9
2448 9
2449 3
2450 4
2451 3
2452 6
2453 6
2454 17
2455 10
2456 9
2457 11
2458 12
2459 5
2460 17
2461 8
2462 1
2463 4
2464 4
2465 14
2466 12
2467 9
2468 7
2469 5
2470 2
2471 5
2472 9
2473 9
2474 10
2475 5
2476 5
2477 9
2478 10
2479 12
2480 2
2481 11
2482 5
2483 14
2484 13
2485 13
2486 16
2487 8
2488 14
2489 12
2490 12
2491 11
2492 11
2493 19
2494 9
2495 11
2496 14
2497 16
2498 19
2499 13
2500 4
2501 15
2502 14
2503 16
2504 4
2505 18
2506 21
2507 15
2508 23
2509 13
2510 7
2511 13
2512 15
2513 22
2514 14
2515 4
2516 11
2517 12
2518 22
2519 11
2520 14
2521 9
2522 36
2523 35
2524 14
2525 7
2526 13
2527 13
2528 14
2529 2
2530 18
2531 24
2532 15
2533 22
2534 12
2535 14
2536 17
2537 8
2538 24
2539 17
2540 26
2541 37
2542 11
2543 8
2544 18
2545 10
2546 22
2547 29
2548 19
2549 13
2550 12
2551 4
2552 12
2553 26
2554 19
2555 9
2556 27
2557 25
2558 15
2559 16
2560 20
2561 4
2562 24
2563 22
2564 21
2565 3
2566 37
2567 20
2568 23
2569 15
2570 17
2571 20
2572 13
2573 17
2574 13
2575 5
2576 20
2577 22
2578 16
2579 10
2580 29
2581 58
2582 25
2583 51
2584 14
2585 18
2586 41
2587 17
2588 41
2589 18
2590 25
2591 72
2592 37
2593 27
2594 8
2595 38
2596 26
2597 32
2598 24
2599 17
2600 28
2601 26
2602 23
2603 16
2604 40
2605 29
2606 27
2607 29
2608 32
2609 33
2610 40
2611 35
2612 15
2613 20
2614 35
2615 48
2616 20
2617 36
2618 32
2619 28
2620 21
2621 35
2622 17
2623 29
2624 27
2625 41
2626 29
2627 32
2628 76
2629 55
2630 30
2631 23
2632 35
2633 66
2634 57
2635 33
2636 30
2637 44
2638 34
2639 76
2640 57
2641 47
2642 32
2643 30
2644 27
2645 54
2646 25
2647 40
2648 34
2649 64
2650 33
2651 45
2652 50
2653 80
2654 54
2655 78
2656 28
2657 34
2658 37
2659 51
2660 12
2661 39
2662 52
2663 34
2664 41
2665 44
2666 52
2667 124
2668 97
2669 41
2670 39
2671 20
2672 44
2673 65
2674 36
2675 53
2676 66
2677 44
2678 34
2679 60
2680 41
2681 73
2682 65
2683 53
2684 119
2685 27
2686 30
2687 76
2688 103
2689 56
2690 56
2691 49
2692 100
2693 42
2694 65
2695 69
2696 71
2697 57
2698 60
2699 59
2700 96
2701 67
2702 27
2703 61
2704 42
2705 46
2706 85
2707 105
2708 66
2709 93
2710 55
2711 36
2712 124
2713 41
2714 95
2715 71
2716 58
2717 48
2718 82
2719 51
2720 39
2721 101
2722 57
2723 66
2724 64
2725 59
2726 66
2727 112
2728 88
2729 17
2730 81
2731 74
2732 100
2733 52
2734 58
2735 74
2736 84
2737 38
2738 47
2739 97
2740 59
2741 96
2742 62
2743 108
2744 143
2745 95
2746 110
2747 72
2748 128
2749 92
2750 73
2751 146
2752 46
2753 137
2754 141
2755 62
2756 96
2757 143
2758 141
2759 160
2760 108
2761 94
2762 104
2763 78
2764 120
2765 73
2766 137
2767 67
2768 140
2769 78
2770 139
2771 78
2772 111
2773 147
2774 81
2775 98
2776 150
2777 87
2778 100
2779 106
2780 89
2781 104
2782 97
2783 118
2784 99
2785 136
2786 117
2787 139
2788 86
2789 162
2790 87
2791 131
2792 121
2793 131
2794 93
2795 94
2796 158
2797 152
2798 86
2799 206
2800 143
2801 107
2802 234
2803 92
2804 88
2805 192
2806 109
2807 138
2808 104
2809 222
2810 102
2811 75
2812 273
2813 132
2814 341
2815 93
2816 123
2817 183
2818 93
2819 90
2820 216
2821 195
2822 228
2823 230
2824 85
2825 103
2826 133
2827 65
2828 230
2829 182
2830 50
2831 199
2832 232
2833 134
2834 144
2835 224
2836 118
2837 138
2838 168
2839 209
2840 162
2841 215
2842 202
2843 136
2844 208
2845 245
2846 198
2847 285
2848 180
2849 94
2850 234
2851 263
2852 171
2853 114
2854 286
2855 254
2856 282
2857 187
2858 150
2859 202
2860 295
2861 196
2862 290
2863 194
2864 207
2865 163
2866 159
2867 155
2868 289
2869 220
2870 147
2871 144
2872 269
2873 181
2874 275
2875 162
2876 202
2877 207
2878 211
2879 130
2880 379
2881 199
2882 205
2883 176
2884 278
2885 106
2886 312
2887 220
2888 139
2889 311
2890 275
2891 153
2892 309
2893 181
2894 147
2895 191
2896 202
2897 210
2898 285
2899 431
2900 247
2901 248
2902 214
2903 226
2904 404
2905 393
2906 177
2907 241
2908 216
2909 138
2910 325
2911 243
2912 211
2913 261
2914 195
2915 260
2916 404
2917 309
2918 379
2919 485
2920 374
2921 309
2922 377
2923 267
2924 320
2925 215
2926 297
2927 362
2928 488
2929 282
2930 213
2931 375
2932 399
2933 280
2934 385
2935 209
2936 302
2937 302
2938 205
2939 145
2940 467
2941 329
2942 387
2943 285
2944 549
2945 154
2946 476
2947 287
2948 286
2949 442
2950 371
2951 303
2952 472
2953 247
2954 457
2955 578
2956 583
2957 557
2958 278
2959 228
2960 606
2961 578
2962 258
2963 214
2964 643
2965 396
2966 362
2967 285
2968 424
2969 404
2970 560
2971 486
2972 379
2973 304
2974 427
2975 270
2976 651
2977 270
2978 378
2979 270
2980 670
2981 386
2982 481
2983 388
2984 519
2985 437
2986 267
2987 316
2988 574
2989 655
2990 435
2991 268
2992 427
2993 319
2994 381
2995 453
2996 693
2997 300
2998 427
2999 735
3000 580
3001 185
3002 399
3003 327
3004 610
3005 295
3006 526
3007 583
3008 413
3009 627
3010 415
3011 251
3012 660
3013 388
3014 417
3015 624
3016 630
3017 269
3018 635
3019 679
3020 492
3021 453
3022 613
3023 304
3024 1299
3025 676
3026 446
3027 471
3028 657
3029 627
3030 767
3031 1158
3032 1026
3033 392
3034 620
3035 240
3036 1095
3037 329
3038 461
3039 817
3040 687
3041 380
3042 812
3043 389
3044 1483
3045 641
3046 648
3047 298
3048 794
3049 759
3050 486
3051 364
3052 896
3053 406
3054 837
3055 405
3056 672
3057 1479
3058 575
3059 896
3060 1077
3061 591
3062 624
3063 340
3064 930
3065 567
3066 545
3067 298
3068 827
3069 1015
3070 720
3071 516
3072 745
3073 598
3074 470
3075 677
3076 950
3077 414
3078 474
3079 585
3080 1058
3081 566
3082 615
3083 633
3084 1050
3085 753
3086 783
3087 380
3088 1020
3089 946
3090 904
3091 364
3092 862
3093 832
3094 1183
3095 605
3096 1510
3097 419
3098 398
3099 817
3100 972
3101 812
3102 1198
3103 563
3104 1304
3105 880
3106 719
3107 673
3108 1415
3109 1161
3110 735
3111 815
3112 1258
3113 637
3114 2009
3115 1024
3116 1063
3117 628
3118 831
3119 426
3120 1743
3121 1007
3122 766
3123 1002
3124 1125
3125 1557
3126 1575
3127 404
3128 1559
3129 929
3130 628
3131 420
3132 1212
3133 269
3134 1141
3135 812
3136 1740
3137 498
3138 667
3139 1001
3140 1338
3141 2000
3142 1014
3143 942
3144 1892
3145 712
3146 1257
3147 807
3148 1635
3149 1188
3150 1250
3151 1469
3152 1504
3153 740
3154 1295
3155 687
3156 1774
3157 1298
3158 1019
3159 1123
3160 1450
3161 812
3162 791
3163 713
3164 1522
3165 1388
3166 888
3167 729
3168 1473
3169 1069
3170 756
3171 1630
3172 1478
3173 1035
3174 2087
3175 1372
3176 1618
3177 1080
3178 883
3179 709
3180 2423
3181 1036
3182 1096
3183 940
3184 2137
3185 689
3186 1568
3187 787
3188 1723
3189 1580
3190 1286
3191 997
3192 2008
3193 1105
3194 1303
3195 1226
3196 2129
3197 521
3198 1523
3199 2088
3200 1918
3201 1987
3202 1595
3203 1009
3204 2349
3205 1142
3206 1684
3207 1151
3208 1729
3209 1150
3210 1775
3211 1277
3212 2012
3213 1372
3214 2002
3215 985
3216 3506
3217 1306
3218 836
3219 791
3220 2070
3221 801
3222 1674
3223 918
3224 1592
3225 1822
3226 1445
3227 529
3228 3213
3229 1226
3230 1601
3231 1929
3232 2490
3233 1766
3234 1570
3235 1171
3236 1850
3237 1097
3238 1962
3239 653
3240 3431
3241 3944
3242 1214
3243 1154
3244 2774
3245 1295
3246 2661
3247 1031
3248 2241
3249 1668
3250 1838
3251 1527
3252 2829
3253 991
3254 2312
3255 1814
3256 2977
3257 1457
3258 2203
3259 1014
3260 3071
3261 2125
3262 2230
3263 915
3264 4610
3265 883
3266 1239
3267 1384
3268 2276
3269 1408
3270 2683
3271 1671
3272 2035
3273 1715
3274 2666
3275 1447
3276 2954
3277 1920
3278 2257
3279 2438
3280 3134
3281 812
3282 1809
3283 729
3284 2831
3285 1733
3286 3142
3287 955
3288 3254
3289 1044
3290 1757
3291 2907
3292 3626
3293 1224
3294 2453
3295 2162
3296 5679
3297 1617
3298 2085
3299 1755
3300 3644
3301 1894
3302 2000
3303 2123
3304 4426
3305 1179
3306 3190
3307 2146
3308 1996
3309 2776
3310 2209
3311 943
3312 3435
3313 2077
3314 1855
3315 1977
3316 3426
3317 1227
3318 3090
3319 2098
3320 4055
3321 2415
3322 2418
3323 1569
3324 4616
3325 1707
3326 1984
3327 1004
3328 3156
3329 1546
3330 4059
3331 1242
3332 2537
3333 1805
3334 2342
3335 1357
3336 3985
3337 1642
3338 2522
3339 2509
3340 2933
3341 1126
3342 3200
3343 1700
3344 4439
3345 2601
3346 4137
3347 1428
3348 3251
3349 2573
3350 2951
3351 3433
3352 4312
3353 2075
3354 3234
3355 1106
3356 2412
3357 2914
3358 3604
3359 1781
3360 4125
3361 2378
3362 2606
3363 1950
3364 5332
3365 1046
3366 3035
3367 2407
3368 4352
3369 4267
3370 2802
3371 2042
3372 3600
3373 1816
3374 4904
3375 2710
3376 5726
3377 1335
3378 3299
3379 2080
3380 3044
3381 4281
3382 2734
3383 2402
3384 7231
3385 2825
3386 5991
3387 2049
3388 7152
3389 1934
3390 3504
3391 3343
3392 5865
3393 3681
3394 4625
3395 2422
3396 5379
3397 2713
3398 2460
3399 4489
3400 7438
3401 2842
3402 4399
3403 1975
3404 2884
3405 3011
3406 3048
3407 1210
3408 4908
3409 2862
3410 2485
3411 3015
3412 3791
3413 2981
3414 5114
3415 2963
3416 6717
3417 2783
3418 4298
3419 1203
3420 5481
3421 2291
3422 6781
3423 2898
3424 5902
3425 3499
3426 6320
3427 2825
3428 4709
3429 2547
3430 5622
3431 1914
3432 8301
3433 3753
3434 6034
3435 2331
3436 5880
3437 2713
3438 4593
3439 3669
3440 7055
3441 4787
3442 3672
3443 1729
3444 7497
3445 1253
3446 4559
3447 4601
3448 8598
3449 3505
3450 3981
3451 4035
3452 4300
3453 4670
3454 4500
3455 3105
3456 11048
3457 2110
3458 4708
3459 4290
3460 5377
3461 3166
3462 6310
3463 3019
3464 9287
3465 4691
3466 4429
3467 1261
3468 7847
3469 3691
3470 4560
3471 2400
3472 5984
3473 3341
3474 6331
3475 2954
3476 6592
3477 4135
3478 4862
3479 2377
3480 11876
3481 3992
3482 4634
3483 3219
3484 8242
3485 2586
3486 7977
3487 2049
3488 7063
3489 6710
3490 6792
3491 1765
3492 8005
3493 4007
3494 4451
3495 2807
3496 7819
3497 1774
3498 7820
3499 2219
3500 6823
3501 3973
3502 7101
3503 1363
3504 12478
3505 4014
3506 6206
3507 3398
3508 6559
3509 3186
3510 7738
3511 2149
3512 6721
3513 4802
3514 5840
3515 2110
3516 20239
3517 4252
3518 5432
3519 4967
3520 9017
3521 3639
3522 6896
3523 2018
3524 8099
3525 4053
3526 5780
3527 2680
3528 12867
3529 5631
3530 5491
3531 3470
3532 8874
3533 3594
3534 8491
3535 2789
3536 9127
3537 5100
3538 6415
3539 2736
3540 12669
3541 2958
3542 8491
3543 3461
3544 11419
3545 3032
3546 7322
3547 1630
3548 6440
3549 7415
3550 6776
3551 2091
3552 15293
3553 2234
3554 8526
3555 4538
3556 11543
3557 6559
3558 7471
3559 1732
3560 9113
3561 7616
3562 6636
3563 2356
3564 11359
3565 3296
3566 10042
3567 5187
3568 11866
3569 3401
3570 7479
3571 2102
3572 7949
3573 5818
3574 6401
3575 2406
3576 17395
3577 2112
3578 5051
3579 3425
3580 9006
3581 3520
3582 8031
3583 2088
3584 17470
3585 5933
3586 6591
3587 2019
3588 12328
3589 4337
3590 5892
3591 2803
3592 13306
3593 2678
3594 15304
3595 2743
3596 13298
3597 6447
3598 6046
3599 2538
3600 21252
3601 2193
3602 3693
3603 6576
3604 8926
3605 5660
3606 7848
3607 1906
3608 9469
3609 6791
3610 5020
3611 1968
3612 9533
3613 3041
3614 7501
3615 4145
3616 11217
3617 2980
3618 14178
3619 2462
3620 11808
3621 7622
3622 5649
3623 6695
3624 15654
3625 4071
3626 13452
3627 3827
3628 10628
3629 4049
3630 9668
3631 3124
3632 11600
3633 13490
3634 7803
3635 3139
3636 23390
3637 7274
3638 9098
3639 3054
3640 9296
3641 6508
3642 16405
3643 6156
3644 11172
3645 5206
3646 11694
3647 5023
3648 14817
3649 3024
3650 6107
3651 6490
3652 21606
3653 4531
3654 18524
3655 2022
3656 13913
3657 6934
3658 5466
3659 3980
3660 12437
3661 9961
3662 7724
3663 4970
3664 12802
3665 5217
3666 16291
3667 2410
3668 8621
3669 7506
3670 6936
3671 6549
3672 27917
3673 4062
3674 7455
3675 7788
3676 25284
3677 3741
3678 14795
3679 4021
3680 11908
3681 15502
3682 5285
3683 2761
3684 22173
3685 2759
3686 16251
3687 8694
3688 21111
3689 6086
3690 10975
3691 1927
3692 16538
3693 7074
3694 10186
3695 3296
3696 30839
3697 2259
3698 10794
3699 3792
3700 12708
3701 5045
3702 12303
3703 3104
3704 18497
3705 8678
3706 10379
3707 3786
3708 20287
3709 6342
3710 10361
3711 8493
3712 20794
3713 3202
3714 21954
3715 5620
3716 15388
3717 8595
3718 13162
3719 4927
3720 15332
3721 3778
3722 19061
3723 9104
3724 17537
3725 4983
3726 10329
3727 5477
3728 22738
3729 8758
3730 8225
3731 1745
3732 24446
3733 4056
3734 10264
3735 7941
3736 24084
3737 8796
3738 18876
3739 7865
3740 12451
3741 17119
3742 10952
3743 4236
3744 28882
3745 3668
3746 13594
3747 10113
3748 18567
3749 2475
3750 22947
3751 4526
3752 21933
3753 10287
3754 22796
3755 3594
3756 23296
3757 9155
3758 19393
3759 5398
3760 19815
3761 7111
3762 16441
3763 4578
3764 13499
3765 7256
3766 15424
3767 4807
3768 26385
3769 10551
3770 16088
3771 13053
3772 17410
3773 7352
3774 18963
3775 3957
3776 22270
3777 11480
3778 23787
3779 3509
3780 20697
3781 12548
3782 11864
3783 5267
3784 21609
3785 5284
3786 16156
3787 1735
3788 19315
3789 12554
3790 15977
3791 9345
3792 35362
3793 10475
3794 12522
3795 7524
3796 27203
3797 5285
3798 23246
3799 3159
3800 30746
3801 12266
3802 10447
3803 4803
3804 54711
3805 5251
3806 14383
3807 3474
3808 19967
3809 3888
3810 22227
3811 2383
3812 12761
3813 10986
3814 13353
3815 5496
3816 41955
3817 12246
3818 8634
3819 11994
3820 26884
3821 7813
3822 21313
3823 5309
3824 18446
3825 10676
3826 16122
3827 2792
3828 31685
3829 6424
3830 16869
3831 14178
3832 29011
3833 8431
3834 16667
3835 2565
3836 25530
3837 13030
3838 21224
3839 3600
3840 35581
3841 10783
3842 17801
3843 7140
3844 17784
3845 7211
3846 26724
3847 8260
3848 27494
3849 8011
3850 16803
3851 7103
3852 31707
3853 6567
3854 19054
3855 6870
3856 37350
3857 11099
3858 24900
3859 2719
3860 15442
3861 8784
3862 18290
3863 3382
3864 37689
3865 5636
3866 19361
3867 11291
3868 18510
3869 8620
3870 21453
3871 4223
3872 17980
3873 9633
3874 19256
3875 7970
3876 27436
3877 5887
3878 7685
3879 5309
3880 31321
3881 10044
3882 21676
3883 4585
3884 25052
3885 8302
3886 20697
3887 3443
3888 42620
3889 6949
3890 13060
3891 9458
3892 22609
3893 33573
3894 19849
3895 4455
3896 33803
3897 19283
3898 13291
3899 2119
3900 27564
3901 7495
3902 19368
3903 8534
3904 34234
3905 5126
3906 48024
3907 5799
3908 52202
3909 38806
3910 17359
3911 4793
3912 35135
3913 9581
3914 51059
3915 12901
3916 21562
3917 13482
3918 19726
3919 1729
3920 22347
3921 13547
3922 15370
3923 5480
3924 29692
3925 12113
3926 18226
3927 10797
3928 25652
3929 4443
3930 26207
3931 4201
3932 26664
3933 17218
3934 20552
3935 11401
3936 37208
3937 9378
3938 14889
3939 10835
3940 31884
3941 9188
3942 25274
3943 4166
3944 30857
3945 11436
3946 14922
3947 2043
3948 66729
3949 7991
3950 16147
3951 19074
3952 28262
3953 11036
3954 37218
3955 6253
3956 22672
3957 11985
3958 20592
3959 12829
3960 51337
3961 3251
3962 15462
3963 6834
3964 23106
3965 7493
3966 33878
3967 4798
3968 30058
3969 11322
3970 19146
3971 5646
3972 39363
3973 8168
3974 20057
3975 14434
3976 21955
3977 3027
3978 23725
3979 7776
3980 23813
3981 11176
3982 49646
3983 5672
3984 59937
3985 5756
3986 25067
3987 8271
3988 28606
3989 7651
3990 28963
3991 4162
3992 20066
3993 14169
3994 27797
3995 1715
3996 44392
3997 5644
3998 17440
3999 16574
4000 30424
4001 12184
4002 25321
4003 7320
4004 37003
4005 13105
4006 13821
4007 4967
4008 61358
4009 10981
4010 17856
4011 7097
4012 47348
4013 15635
4014 65833
4015 5845
4016 52671
4017 14875
4018 13442
4019 13223
4020 38395
4021 6639
4022 15117
4023 9024
4024 47484
4025 6914
4026 22082
4027 8585
4028 17130
4029 22983
4030 24593
4031 8821
4032 45794
4033 5058
4034 33099
4035 8218
4036 39319
4037 28587
4038 37882
4039 10608
4040 43412
4041 11616
4042 26930
4043 5369
4044 48114
4045 29635
4046 26183
4047 20114
4048 37923
4049 31824
4050 22974
4051 19486
4052 34404
4053 41949
4054 32009
4055 6166
4056 77869
4057 4123
4058 46117
4059 20003
4060 25284
4061 21821
4062 31223
4063 7299
4064 57853
4065 15298
4066 46350
4067 3752
4068 34276
4069 30144
4070 36009
4071 20841
4072 28465
4073 10137
4074 59152
4075 10461
4076 50085
4077 14568
4078 36626
4079 19590
4080 54004
4081 7306
4082 20946
4083 18652
4084 63308
4085 11813
4086 29232
4087 8730
4088 34294
4089 7248
4090 14026
4091 6051
4092 71290
4093 8609
4094 14912
4095 8455
4096 33613
4097 18811
4098 22233
4099 5976
4100 33684
4101 20713
4102 16543
4103 14099
4104 63962
4105 6388
4106 19023
4107 12269
4108 44993
4109 6896
4110 51224
4111 4327
4112 37930
4113 49973
4114 26874
4115 6405
4116 97642
4117 30951
4118 59078
4119 21771
4120 42258
4121 7030
4122 32047
4123 5417
4124 55903
4125 14927
4126 69660
4127 3654
4128 70827
4129 19658
4130 11976
4131 10009
4132 33524
4133 9797
4134 30571
4135 6797
4136 27352
4137 9568
4138 27986
4139 8659
4140 89786
4141 6408
4142 35398
4143 14473
4144 35364
4145 13049
4146 27662
4147 18884
4148 49554
4149 22805
4150 14079
4151 5280
4152 74124
4153 12621
4154 17145
4155 17847
4156 57895
4157 3635
4158 39071
4159 4175
4160 32739
4161 23504
4162 25574
4163 23110
4164 40117
4165 5074
4166 39122
4167 13780
4168 60225
4169 10103
4170 43382
4171 6217
4172 31377
4173 16613
4174 45338
4175 22206
4176 47589
4177 16629
4178 36922
4179 21296
4180 29341
4181 170303
4182 46028
4183 8873
4184 64917
4185 11795
4186 26820
4187 21806
4188 33216
4189 5883
4190 32921
4191 16655
4192 50736
4193 12485
4194 57594
4195 10068
4196 42746
4197 6432
4198 18168
4199 7476
4200 66457
4201 5429
4202 24489
4203 11638
4204 63307
4205 8050
4206 43973
4207 8036
4208 75297
4209 18415
4210 26894
4211 5544
4212 52771
4213 5917
4214 25285
4215 16109
4216 27796
4217 3823
4218 30407
4219 5024
4220 68726
4221 11106
4222 17139
4223 6344
4224 67366
4225 9592
4226 25299
4227 16216
4228 27201
4229 17994
4230 42145
4231 8324
4232 50569
4233 15796
4234 19498
4235 5891
4236 68900
4237 18344
4238 24424
4239 17392
4240 57049
4241 7366
4242 45899
4243 3882
4244 46175
4245 15182
4246 25928
4247 5378
4248 65242
4249 7927
4250 18911
4251 18158
4252 38728
4253 15579
4254 59595
4255 8308
4256 46355
4257 56455
4258 36167
4259 17207
4260 74026
4261 13669
4262 27408
4263 4825
4264 66914
4265 11136
4266 35048
4267 17722
4268 45398
4269 14600
4270 38288
4271 13841
4272 59813
4273 15706
4274 39709
4275 12909
4276 51565
4277 10555
4278 60045
4279 12880
4280 36108
4281 22695
4282 36130
4283 15246
4284 80022
4285 7860
4286 32118
4287 23062
4288 61071
4289 13356
4290 39403
4291 5263
4292 47014
4293 6275
4294 22283
4295 9456
4296 89324
4297 11870
4298 16610
4299 19310
4300 56783
4301 12912
4302 77786
4303 19133
4304 78857
4305 24610
4306 35727
4307 7038
4308 81711
4309 6580
4310 26367
4311 16161
4312 46316
4313 15419
4314 59120
4315 11757
4316 42973
4317 24598
4318 45861
4319 7528
4320 69911
4321 4077
4322 26351
4323 20282
4324 28460
4325 51092
4326 71857
4327 14008
4328 50020
4329 12568
4330 37340
4331 5056
4332 38172
4333 8917
4334 30467
4335 9148
4336 58783
4337 18721
4338 30341
4339 7352
4340 44509
4341 21844
4342 50656
4343 16602
4344 111564
4345 13877
4346 104520
4347 14482
4348 52321
4349 81919
4350 94275
4351 91857
4352 38892
4353 26809
4354 19393
4355 13388
4356 86170
4357 13133
4358 27381
4359 90108
4360 63574
4361 16353
4362 56940
4363 5109
4364 53716
4365 31228
4366 24418
4367 4746
4368 62087
4369 21236
4370 62569
4371 20747
4372 58834
4373 44287
4374 66148
4375 6490
4376 127155
4377 29127
4378 33201
4379 3550
4380 56784
4381 49262
4382 23542
4383 6765
4384 48481
4385 103674
4386 41802
4387 12055
4388 34796
4389 108073
4390 35051
4391 92089
4392 68168
4393 7751
4394 29529
4395 20440
4396 55761
4397 31267
4398 58105
4399 5105
4400 56124
4401 61573
4402 25880
4403 3248
4404 81437
4405 6460
4406 28519
4407 15640
4408 53686
4409 5971
4410 47435
4411 5339
4412 53311
4413 16464
4414 167053
4415 11607
4416 68468
4417 15789
4418 15978
4419 17931
4420 48782
4421 8118
4422 39849
4423 6495
4424 54448
4425 10918
4426 28933
4427 7998
4428 69739
4429 6290
4430 31617
4431 6291
4432 74518
4433 8129
4434 42703
4435 8597
4436 30607
4437 14574
4438 22356
4439 8007
4440 56581
4441 9669
4442 14901
4443 16288
4444 45681
4445 5413
4446 44601
4447 14825
4448 170401
4449 15450
4450 13393
4451 9153
4452 60508
4453 131679
4454 148572
4455 15079
4456 205837
4457 11095
4458 34946
4459 11571
4460 48254
4461 27079
4462 19416
4463 4214
4464 57043
4465 3955
4466 15312
4467 18464
4468 31654
4469 140435
4470 42111
4471 7307
4472 47155
4473 14371
4474 25943
4475 7782
4476 55193
4477 17736
4478 29921
4479 17284
4480 56441
4481 22489
4482 39696
4483 3883
4484 40195
4485 18473
4486 43601
4487 3571
4488 72541
4489 13367
4490 23360
4491 10645
4492 27716
4493 20911
4494 53196
4495 9079
4496 70205
4497 19194
4498 32394
4499 16512
4500 59377
4501 16261
4502 18660
4503 18774
4504 52523
4505 14560
4506 46416
4507 8254
4508 38899
4509 26235
4510 22371
4511 11679
4512 71975
4513 3086
4514 32051
4515 20459
4516 72013
4517 7781
4518 45103
4519 6813
4520 78786
4521 16549
4522 31171
4523 9328
4524 60112
4525 5494
4526 28077
4527 34130
4528 59816
4529 2973
4530 63482
4531 14489
4532 41368
4533 19516
4534 24634
4535 22081
4536 66920
4537 10235
4538 39229
4539 26268
4540 67840
4541 24553
4542 48927
4543 7789
4544 52092
4545 45984
4546 30359
4547 5097
4548 61060
4549 4896
4550 57440
4551 15093
4552 37721
4553 21825
4554 50063
4555 9461
4556 33434
4557 20939
4558 111351
4559 32602
4560 80882
4561 6061
4562 27406
4563 22860
4564 34053
4565 2798
4566 40563
4567 2632
4568 53376
4569 36518
4570 33994
4571 34392
4572 60545
4573 13416
4574 18681
4575 26224
4576 51943
4577 11860
4578 47440
4579 7808
4580 53193
4581 19734
4582 47634
4583 16862
4584 104167
4585 28423
4586 60089
4587 18204
4588 62942
4589 18830
4590 69436
4591 2426
4592 71716
4593 11020
4594 53056
4595 21168
4596 83229
4597 2616
4598 36870
4599 37583
4600 51390
4601 44702
4602 62695
4603 6039
4604 22787
4605 43572
4606 50153
4607 9704
4608 54815
4609 3326
4610 33175
4611 24438
4612 53004
4613 4664
4614 48147
4615 10883
4616 71565
4617 17190
4618 115742
4619 6018
4620 28759
4621 9162
4622 103742
4623 20232
4624 99680
4625 20267
4626 70436
4627 4790
4628 25503
4629 5993
4630 59335
4631 21022
4632 77604
4633 33281
4634 71446
4635 11820
4636 64900
4637 24833
4638 130571
4639 3412
4640 53439
4641 22128
4642 14560
4643 2510
4644 95792
4645 6180
4646 65058
4647 66987
4648 60777
4649 36761
4650 38285
4651 16864
4652 30683
4653 38388
4654 55795
4655 3156
4656 83573
4657 6134
4658 84606
4659 39517
4660 102707
4661 1841
4662 29683
4663 61315
4664 114009
4665 18351
4666 57109
4667 8471
4668 60793
4669 8247
4670 51902
4671 17427
4672 35531
4673 22248
4674 70782
4675 4267
4676 50866
4677 56813
4678 12982
4679 42506
4680 67082
4681 13832
4682 19541
4683 6559
4684 20716
4685 41157
4686 83159
4687 4336
4688 72050
4689 17371
4690 32341
4691 5766
4692 31659
4693 4363
4694 15652
4695 12352
4696 115331
4697 5070
4698 36716
4699 42016
4700 66649
4701 17264
4702 83509
4703 4533
4704 170031
4705 62978
4706 13060
4707 7816
4708 82490
4709 44507
4710 36803
4711 5871
4712 31207
4713 15147
4714 18822
4715 14562
4716 89870
4717 11699
4718 62305
4719 31290
4720 30124
4721 64047
4722 23282
4723 6249
4724 30555
4725 13635
4726 37235
4727 5260
4728 124508
4729 44667
4730 12775
4731 15603
4732 33563
4733 29778
4734 32222
4735 7103
4736 33253
4737 17129
4738 94680
4739 1974
4740 84213
4741 5515
4742 106795
4743 29407
4744 143123
4745 7513
4746 32943
4747 29814
4748 33805
4749 12856
4750 26553
4751 6553
4752 62937
4753 31357
4754 69763
4755 14880
4756 40660
4757 64082
4758 59755
4759 12811
4760 41285
4761 13841
4762 11558
4763 2297
4764 103985
4765 20577
4766 15712
4767 12855
4768 149017
4769 5846
4770 44364
4771 4002
4772 28159
4773 14062
4774 39664
4775 4035
4776 60421
4777 32989
4778 53982
4779 15151
4780 67111
4781 4514
4782 73974
4783 16924
4784 89814
4785 14282
4786 17448
4787 4857
4788 74439
4789 36867
4790 27335
4791 8708
4792 73600
4793 4309
4794 90025
4795 3874
4796 24785
4797 14846
4798 26198
4799 3615
4800 64374
4801 6490
4802 12615
4803 8089
4804 35630
4805 11794
4806 29457
4807 14869
4808 37352
4809 87563
4810 43565
4811 4223
4812 98907
4813 3234
4814 32929
4815 18338
4816 41400
4817 6476
4818 79809
4819 7024
4820 32259
4821 7784
4822 28616
4823 3620
4824 48134
4825 5192
4826 28819
4827 3904
4828 42842
4829 5308
4830 88485
4831 7627
4832 54147
4833 51474
4834 23364
4835 8827
4836 69891
4837 5641
4838 20814
4839 13565
4840 33047
4841 5285
4842 49564
4843 7110
4844 37195
4845 14132
4846 28846
4847 4255
4848 69494
4849 43069
4850 32725
4851 15551
4852 71736
4853 4372
4854 89947
4855 6443
4856 35655
4857 59116
4858 64196
4859 7535
4860 77352
4861 4008
4862 24396
4863 11057
4864 78120
4865 8168
4866 26365
4867 4596
4868 45962
4869 25286
4870 37439
4871 3942
4872 84586
4873 2642
4874 21718
4875 17133
4876 60441
4877 14196
4878 44347
4879 2518
4880 42323
4881 15901
4882 17309
4883 17578
4884 52163
4885 10688
4886 32363
4887 19970
4888 37723
4889 13911
4890 54375
4891 5391
4892 37626
4893 20044
4894 30370
4895 9343
4896 64735
4897 5938
4898 14671
4899 16563
4900 50593
4901 3588
4902 33234
4903 8528
4904 21531
4905 5946
4906 36089
4907 1977
4908 75727
4909 8758
4910 30671
4911 7810
4912 77279
4913 12157
4914 61795
4915 11669
4916 33002
4917 12274
4918 52941
4919 3945
4920 65765
4921 6260
4922 34835
4923 10487
4924 88187
4925 2905
4926 51281
4927 11699
4928 45473
4929 5902
4930 16580
4931 4950
4932 63978
4933 5840
4934 42327
4935 11959
4936 32186
4937 1628
4938 51031
4939 10356
4940 13947
4941 9056
4942 25100
4943 6059
4944 61739
4945 7443
4946 23134
4947 15829
4948 75915
4949 3580
4950 43108
4951 9783
4952 70238
4953 32542
4954 59298
4955 10110
4956 18485
4957 3327
4958 43340
4959 13253
4960 56271
4961 922
4962 62199
4963 9887
4964 57096
4965 14886
4966 5635
4967 15524
4968 76413
4969 16163
4970 17432
4971 7911
4972 22977
4973 9411
4974 36502
4975 5421
4976 43921
4977 23853
4978 38109
4979 5564
4980 65308
4981 4021
4982 6898
4983 17994
4984 40593
4985 1528
4986 30846
4987 7579
4988 22720
4989 16772
4990 52254
4991 1905
4992 63921
4993 12014
4994 31465
4995 8040
4996 46915
4997 1117
4998 34434
4999 964
5000 40986
5001 7049
5002 24918
5003 9691
5004 74846
5005 4804
5006 61896
5007 22707
5008 55172
5009 5313
5010 39570
5011 2589
5012 27569
5013 5602
5014 17847
5015 2328
5016 41770
5017 4241
5018 35722
5019 23669
5020 12969
5021 6450
5022 38504
5023 14578
5024 49668
5025 11937
5026 21517
5027 22946
5028 56469
5029 2047
5030 21856
5031 3113
5032 44717
5033 1053
5034 72135
5035 3719
5036 30576
5037 32275
5038 43186
5039 23267
5040 52010
5041 2399
5042 20692
5043 4251
5044 68194
5045 10265
5046 29993
5047 2313
5048 58587
5049 1124
5050 4998
5051 1707
5052 61592
5053 12738
5054 16148
5055 22980
5056 14661
5057 14127
5058 16045
5059 12173
5060 17704
5061 3250
5062 23633
5063 940
5064 89089
5065 8394
5066 9466
5067 17221
5068 71346
5069 27119
5070 23732
5071 2371
5072 44466
5073 14744
5074 49380
5075 2304
5076 72287
5077 13419
5078 34922
5079 11328
5080 32041
5081 18891
5082 24231
5083 9426
5084 23613
5085 35407
5086 6118
5087 1214
5088 37162
5089 16021
5090 8409
5091 3062
5092 52280
5093 6306
5094 24512
5095 2267
5096 12716
5097 14533
5098 33734
5099 1398
5100 50039
5101 14901
5102 73514
5103 6588
5104 47879
5105 6196
5106 29577
5107 1279
5108 79374
5109 4033
5110 9424
5111 536
5112 42199
5113 13893
5114 3879
5115 3115
5116 22950
5117 2560
5118 32235
5119 13857
5120 28885
5121 10429
5122 47362
5123 2154
5124 83608
5125 1310
5126 9864
5127 6667
5128 27490
5129 32141
5130 28213
5131 3506
5132 25626
5133 11387
5134 25322
5135 3648
5136 51543
5137 41245
5138 7466
5139 18970
5140 31380
5141 3512
5142 37032
5143 17938
5144 25572
5145 19125
5146 12049
5147 1390
5148 54548
5149 2877
5150 14823
5151 5902
5152 37062
5153 1925
5154 56083
5155 2113
5156 19670
5157 4768
5158 23377
5159 1612
5160 57574
5161 2853
5162 10282
5163 5395
5164 31334
5165 5461
5166 13288
5167 17499
5168 8820
5169 19947
5170 28148
5171 17846
5172 50497
5173 1827
5174 10448
5175 3258
5176 24645
5177 31548
5178 19530
5179 8842
5180 17977
5181 3581
5182 26350
5183 4614
5184 49294
5185 6322
5186 10403
5187 7855
5188 33261
5189 2454
5190 32995
5191 238
5192 27036
5193 4070
5194 33361
5195 9013
5196 42605
5197 23386
5198 10119
5199 11174
5200 22187
5201 2096
5202 27063
5203 2126
5204 20650
5205 2658
5206 12108
5207 3362
5208 36183
5209 11091
5210 9765
5211 3210
5212 33828
5213 21223
5214 20653
5215 1832
5216 17459
5217 25110
5218 5330
5219 2368
5220 21030
5221 8445
5222 31602
5223 4145
5224 43235
5225 1224
5226 18038
5227 1183
5228 18767
5229 32514
5230 13300
5231 2388
5232 57394
5233 1619
5234 28503
5235 3435
5236 7419
5237 769
5238 21463
5239 1394
5240 21708
5241 3958
5242 48752
5243 2119
5244 34051
5245 11694
5246 16780
5247 2206
5248 18083
5249 11205
5250 10648
5251 854
5252 32330
5253 2292
5254 5465
5255 2015
5256 34080
5257 19528
5258 6121
5259 6873
5260 25098
5261 3936
5262 16742
5263 1254
5264 25073
5265 18680
5266 15024
5267 10684
5268 21258
5269 13024
5270 7758
5271 1480
5272 30602
5273 1973
5274 8910
5275 8187
5276 21216
5277 3501
5278 14421
5279 2623
5280 23071
5281 4526
5282 11658
5283 4402
5284 17852
5285 849
5286 19101
5287 1195
5288 19447
5289 5054
5290 13267
5291 17002
5292 43343
5293 1112
5294 7486
5295 9215
5296 18579
5297 741
5298 8000
5299 2792
5300 22261
5301 4613
5302 20410
5303 1028
5304 24106
5305 6908
5306 14614
5307 5721
5308 23608
5309 4710
5310 30168
5311 2954
5312 17773
5313 1528
5314 28752
5315 3622
5316 21251
5317 3353
5318 5159
5319 2176
5320 15945
5321 1319
5322 15141
5323 1037
5324 21072
5325 4376
5326 14157
5327 4833
5328 32458
5329 1918
5330 6400
5331 2273
5332 17152
5333 4186
5334 21385
5335 2670
5336 20824
5337 14992
5338 11302
5339 2680
5340 31693
5341 4709
5342 7865
5343 3609
5344 27945
5345 5711
5346 2450
5347 8398
5348 10749
5349 7462
5350 6158
5351 1361
5352 40859
5353 5919
5354 16775
5355 7917
5356 19671
5357 17121
5358 13450
5359 2972
5360 11265
5361 2625
5362 12362
5363 779
5364 27291
5365 5874
5366 5552
5367 4929
5368 18507
5369 279
5370 18825
5371 9234
5372 14627
5373 4942
5374 12651
5375 3717
5376 27844
5377 1721
5378 12408
5379 8545
5380 16559
5381 340
5382 11459
5383 256
5384 7099
5385 9864
5386 12425
5387 7112
5388 9498
5389 5027
5390 7248
5391 6224
5392 19895
5393 1994
5394 13668
5395 1932
5396 7710
5397 3092
5398 29077
5399 3192
5400 23940
5401 365
5402 6457
5403 9802
5404 16057
5405 893
5406 15312
5407 4769
5408 7505
5409 8257
5410 2089
5411 2949
5412 29552
5413 508
5414 10728
5415 2803
5416 16881
5417 314
5418 7336
5419 5630
5420 5846
5421 5782
5422 15625
5423 1045
5424 31270
5425 378
5426 9082
5427 1698
5428 16834
5429 664
5430 14131
5431 3482
5432 21801
5433 2080
5434 15495
5435 2058
5436 24762
5437 722
5438 9407
5439 5523
5440 15718
5441 967
5442 10486
5443 1689
5444 15596
5445 2179
5446 21193
5447 5968
5448 13436
5449 2386
5450 1790
5451 3790
5452 19680
5453 1344
5454 11200
5455 3000
5456 9832
5457 8339
5458 2555
5459 7242
5460 23870
5461 213
5462 5357
5463 1477
5464 22027
5465 6536
5466 3701
5467 1497
5468 6727
5469 14486
5470 5765
5471 1424
5472 22877
5473 9747
5474 3055
5475 3368
5476 20253
5477 218
5478 10295
5479 10686
5480 5310
5481 6561
5482 17215
5483 420
5484 15005
5485 2948
5486 7309
5487 725
5488 7933
5489 563
5490 7297
5491 4505
5492 30741
5493 947
5494 10907
5495 265
5496 19245
5497 2624
5498 4169
5499 1005
5500 5388
5501 2140
5502 22390
5503 1009
5504 11191
5505 4518
5506 2146
5507 526
5508 16715
5509 3905
5510 9982
5511 977
5512 20681
5513 7467
5514 5858
5515 7117
5516 15588
5517 12321
5518 871
5519 100
5520 11938
5521 7588
5522 2784
5523 1210
5524 9388
5525 656
5526 10066
5527 1086
5528 6554
5529 9643
5530 1716
5531 9313
5532 14521
5533 4387
5534 5540
5535 799
5536 8445
5537 8417
5538 10375
5539 323
5540 4557
5541 1207
5542 9094
5543 1447
5544 9035
5545 1003
5546 4887
5547 2082
5548 7374
5549 3963
5550 10159
5551 12574
5552 6162
5553 1232
5554 2542
5555 647
5556 8286
5557 837
5558 3099
5559 411
5560 8760
5561 2964
5562 7561
5563 4974
5564 15095
5565 6033
5566 4036
5567 1426
5568 12008
5569 3408
5570 2016
5571 4737
5572 14208
5573 288
5574 2885
5575 1196
5576 6695
5577 4558
5578 1076
5579 533
5580 13903
5581 647
5582 6679
5583 844
5584 17072
5585 1046
5586 3609
5587 17851
5588 5827
5589 719
5590 3659
5591 440
5592 10745
5593 7945
5594 6722
5595 5782
5596 6190
5597 17121
5598 4446
5599 42
5600 2574
5601 4123
5602 12834
5603 589
5604 7186
5605 4353
5606 8469
5607 14994
5608 8244
5609 4226
5610 13925
5611 640
5612 13347
5613 6075
5614 7831
5615 671
5616 11016
5617 723
5618 3087
5619 5130
5620 7014
5621 124
5622 6549
5623 2806
5624 3828
5625 4517
5626 3584
5627 5436
5628 5453
5629 6407
5630 6672
5631 323
5632 8613
5633 4492
5634 7958
5635 505
5636 4156
5637 652
5638 1422
5639 50
5640 10601
5641 735
5642 3656
5643 1170
5644 8264
5645 312
5646 6641
5647 840
5648 4242
5649 351
5650 3369
5651 787
5652 11427
5653 589
5654 3697
5655 3082
5656 20371
5657 46
5658 2196
5659 874
5660 6531
5661 8361
5662 13240
5663 322
5664 9787
5665 796
5666 11583
5667 2438
5668 5853
5669 686
5670 8767
5671 4367
5672 11993
5673 1340
5674 3243
5675 1508
5676 4490
5677 6714
5678 2088
5679 8732
5680 7383
5681 5281
5682 1713
5683 723
5684 7757
5685 7307
5686 3041
5687 219
5688 5922
5689 916
5690 2508
5691 215
5692 5200
5693 133
5694 5370
5695 433
5696 10401
5697 8053
5698 2599
5699 1113
5700 7444
5701 386
5702 15094
5703 322
5704 6614
5705 469
5706 3569
5707 1408
5708 8500
5709 1904
5710 6697
5711 1641
5712 11981
5713 1441
5714 701
5715 2019
5716 9880
5717 5296
5718 4419
5719 730
5720 5890
5721 1465
5722 4003
5723 2449
5724 5742
5725 10
5726 7416
5727 964
5728 9968
5729 271
5730 4121
5731 2901
5732 4854
5733 394
5734 5565
5735 3048
5736 7983
5737 1919
5738 864
5739 3548
5740 2203
5741 3731
5742 2011
5743 249
5744 7806
5745 3190
5746 814
5747 1957
5748 11937
5749 267
5750 2546
5751 925
5752 8768
5753 1049
5754 3672
5755 2821
5756 8296
5757 25
5758 4297
5759 3282
5760 8213
5761 1459
5762 1924
5763 1679
5764 4817
5765 223
5766 7460
5767 998
5768 6201
5769 4138
5770 4957
5771 7044
5772 6390
5773 2669
5774 1255
5775 2545
5776 3192
5777 3969
5778 5044
5779 347
5780 1402
5781 2833
5782 6550
5783 879
5784 9167
5785 2927
5786 1896
5787 3197
5788 5235
5790 5965
5791 852
5792 4391
5793 1066
5794 3459
5795 39
5796 3126
5797 3281
5798 4220
5799 286
5800 3103
5801 1073
5802 1297
5803 224
5804 7339
5805 3324
5806 2034
5807 1534
5808 4251
5809 2049
5810 1734
5811 5046
5812 6423
5813 187
5814 4513
5815 2555
5816 5354
5817 5415
5818 228
5819 3035
5820 4139
5821 274
5822 2444
5823 3118
5824 4700
5825 940
5826 3632
5827 1341
5828 2316
5829 1449
5830 948
5831 1538
5832 2901
5833 345
5834 3732
5835 1169
5836 3674
5837 61
5838 4891
5839 4395
5840 4649
5841 1706
5842 6233
5843 1098
5844 4493
5845 218
5846 1472
5847 686
5848 3762
5849 320
5850 3380
5851 2949
5852 1418
5853 4323
5854 3101
5855 72
5856 5011
5857 3153
5858 234
5859 787
5860 2422
5861 831
5862 3104
5863 181
5864 2787
5865 3022
5866 2850
5867 321
5868 2559
5869 353
5870 3158
5871 1929
5872 9749
5873 1572
5874 3465
5875 2596
5876 1669
5877 1714
5878 1590
5879 1122
5880 2847
5881 2874
5882 3027
5883 3359
5884 4076
5885 191
5886 5062
5887 122
5888 893
5889 2687
5890 1223
5891 254
5892 5741
5893 1495
5894 2911
5895 1805
5896 7906
5897 8
5898 260
5899 1233
5900 1371
5901 136
5902 8212
5903 1439
5904 2763
5905 1268
5906 746
5907 1493
5908 1996
5909 1946
5910 5621
5911 2660
5912 7747
5914 2727
5915 133
5916 2510
5917 3821
5918 269
5919 85
5920 1374
5921 434
5922 1777
5923 56
5924 2077
5925 1118
5926 1709
5927 2167
5928 3518
5929 2053
5930 795
5931 2392
5932 6722
5933 2361
5934 2491
5935 1236
5936 3216
5937 3865
5938 2514
5939 54
5940 3350
5941 2414
5942 7571
5943 1990
5944 428
5945 176
5946 1521
5947 1005
5948 2546
5949 287
5950 2134
5951 1714
5952 2654
5953 1081
5954 1089
5955 4428
5956 4636
5957 6660
5958 2405
5959 3226
5960 1866
5961 180
5962 5200
5963 18
5964 4063
5965 944
5966 523
5967 122
5968 2770
5969 2080
5970 1765
5971 106
5972 4831
5973 35
5974 1999
5975 24
5976 3263
5977 1556
5978 2543
5979 1815
5980 1760
5981 265
5982 1628
5983 2922
5984 813
5985 1170
5986 1705
5987 3675
5988 2804
5989 1829
5990 288
5991 875
5992 3213
5993 203
5994 1165
5995 143
5996 3190
5997 211
5998 362
5999 60
6000 3069
6001 2598
6002 499
6003 1456
6004 2425
6005 2638
6006 1674
6007 895
6008 457
6009 1755
6010 3202
6011 2558
6012 3276
6013 76
6014 5847
6015 465
6016 1238
6017 28
6018 2802
6019 4968
6020 529
6021 623
6022 1079
6023 4
6024 2901
6025 59
6026 111
6027 1574
6028 869
6029 66
6030 697
6031 104
6032 1627
6033 1302
6034 1484
6035 106
6036 503
6037 2219
6038 1354
6039 327
6040 1955
6041 2488
6042 724
6043 905
6044 2951
6045 308
6046 1145
6047 468
6048 767
6049 1864
6050 1073
6051 1593
6052 1693
6053 42
6054 963
6055 108
6056 2305
6057 3158
6058 1309
6059 2731
6060 1132
6061 295
6062 278
6063 7
6064 5767
6065 25
6066 1607
6067 1239
6068 584
6069 41
6070 404
6071 1108
6072 1560
6073 254
6074 176
6075 2503
6076 7653
6077 68
6078 1374
6079 513
6080 1829
6081 281
6082 3136
6083 100
6084 1976
6085 146
6086 3822
6087 212
6088 2104
6089 23
6090 766
6091 3278
6092 652
6093 477
6094 879
6095 1382
6096 2861
6097 3178
6098 333
6099 3976
6100 998
6101 1367
6102 1182
6103 541
6104 1976
6105 408
6106 1147
6107 330
6108 1204
6109 483
6110 291
6111 231
6112 2490
6113 655
6114 1414
6115 350
6116 2322
6117 249
6118 1870
6119 429
6120 1516
6121 36
6122 2587
6123 605
6124 237
6125 122
6126 1693
6127 3
6128 1409
6129 546
6130 776
6131 1
6132 2054
6133 37
6134 143
6135 380
6136 1893
6137 1616
6138 385
6139 2571
6140 1881
6141 1505
6142 1661
6143 170
6144 1956
6145 577
6146 220
6147 1538
6148 1365
6149 126
6150 1846
6151 174
6152 309
6153 616
6154 449
6156 1017
6157 55
6158 1837
6159 497
6160 1035
6161 125
6162 1013
6163 499
6164 742
6165 881
6166 1012
6167 24
6168 2356
6169 252
6170 149
6171 63
6172 2002
6173 191
6174 901
6175 57
6176 4091
6177 792
6178 463
6179 1332
6180 604
6181 3893
6182 327
6183 388
6184 442
6185 483
6186 2071
6187 555
6188 1811
6189 267
6190 1303
6191 3252
6192 1065
6193 331
6194 202
6195 641
6196 1812
6197 2
6198 844
6200 496
6201 2085
6202 596
6203 123
6204 365
6205 353
6206 1440
6207 140
6208 1330
6209 920
6210 461
6211 1867
6212 860
6213 466
6214 1183
6215 2
6216 1859
6217 186
6218 725
6219 129
6220 1096
6221 794
6222 1105
6223 42
6224 511
6225 540
6226 343
6227 380
6228 627
6229 197
6230 1304
6231 456
6232 2480
6233 390
6234 1444
6235 380
6236 1033
6237 62
6238 1299
6239 306
6240 1717
6241 28
6242 393
6243 188
6244 1141
6245 6
6246 1757
6247 169
6248 551
6249 110
6250 768
6251 11
6252 1579
6253 436
6254 641
6255 366
6256 1096
6257 541
6258 232
6260 1865
6261 225
6262 338
6263 64
6264 429
6266 341
6267 179
6268 1167
6269 109
6270 2059
6271 525
6272 1187
6273 49
6274 768
6275 48
6276 513
6277 891
6278 504
6279 232
6280 184
6281 330
6282 560
6283 75
6284 94
6285 115
6286 2257
6287 5
6288 855
6289 224
6290 760
6291 176
6292 2623
6293 10
6294 521
6295 224
6296 1095
6297 1272
6298 802
6299 338
6300 2097
6301 1
6302 1580
6303 309
6304 1101
6305 35
6306 642
6308 423
6309 159
6310 958
6311 355
6312 739
6313 100
6314 185
6315 689
6316 2353
6317 251
6318 320
6320 1143
6321 22
6322 908
6323 21
6324 1709
6325 9
6326 85
6327 83
6328 569
6329 66
6330 310
6331 1353
6332 3007
6334 214
6336 491
6337 197
6338 1071
6339 15
6340 739
6341 12
6342 967
6343 287
6344 67
6345 329
6346 454
6347 1429
6348 210
6349 110
6350 83
6351 7
6352 3441
6354 660
6355 1122
6356 4089
6357 311
6358 1225
6359 1
6360 1311
6361 605
6362 420
6363 6
6364 436
6365 317
6366 257
6367 95
6368 307
6369 899
6370 435
6371 107
6372 895
6373 244
6374 986
6375 770
6376 471
6377 12
6378 226
6379 1007
6380 33
6381 1035
6382 620
6383 64
6384 682
6385 22
6386 343
6387 921
6388 671
6389 10
6390 266
6391 227
6392 1977
6393 31
6394 634
6395 2
6396 103
6398 418
6399 1
6400 412
6401 960
6402 190
6403 363
6404 1349
6405 1724
6406 582
6407 420
6408 512
6409 440
6410 2067
6411 1019
6412 829
6414 272
6415 112
6416 1516
6417 1021
6418 654
6419 7
6420 722
6421 1272
6422 667
6423 45
6424 256
6425 110
6426 1201
6427 2
6428 90
6429 1096
6430 50
6431 676
6432 624
6433 1042
6434 387
6435 318
6436 480
6438 73
6439 290
6440 939
6441 1075
6442 51
6444 76
6445 510
6446 1300
6447 1876
6448 126
6449 27
6450 115
6451 34
6452 173
6453 796
6454 261
6455 38
6456 759
6457 79
6458 637
6459 24
6460 19
6461 1790
6462 983
6463 848
6464 300
6465 502
6466 862
6468 105
6470 140
6471 19
6472 63
6473 116
6474 38
6475 3
6476 1909
6477 1
6478 279
6479 836
6480 902
6481 13
6482 698
6483 22
6484 407
6485 326
6486 703
6487 1697
6488 409
6489 80
6490 1064
6492 166
6493 51
6494 271
6495 215
6496 95
6497 542
6498 1466
6499 14
6500 20
6501 24
6502 7
6503 366
6504 472
6505 1
6506 638
6507 507
6508 360
6509 1186
6510 123
6511 45
6512 175
6513 87
6514 335
6515 38
6516 57
6517 392
6518 142
6519 1101
6520 86
6521 1064
6522 734
6523 42
6524 554
6525 21
6526 655
6527 477
6528 253
6529 27
6530 359
6531 13
6532 1062
6533 1044
6534 71
6536 361
6538 35
6539 31
6540 628
6541 36
6542 30
6543 548
6544 224
6546 139
6547 1223
6548 712
6549 27
6550 448
6551 1838
6552 581
6553 155
6554 111
6555 518
6556 321
6557 143
6558 154
6559 1423
6560 152
6561 16
6562 129
6564 335
6565 22
6566 244
6567 174
6568 303
6569 1018
6570 639
6571 5
6572 776
6574 23
6575 1
6576 550
6578 221
6579 12
6580 294
6581 6
6582 322
6583 16
6584 51
6585 252
6586 133
6588 584
6589 136
6590 496
6591 4
6592 535
6593 121
6594 123
6595 1
6596 1006
6597 764
6598 901
6600 61
6601 1267
6602 12
6603 12
6604 104
6605 124
6606 641
6608 783
6609 780
6610 727
6611 520
6612 353
6613 15
6614 238
6615 47
6616 212
6617 1
6618 84
6619 495
6620 62
6621 127
6624 108
6625 48
6626 27
6628 5
6630 348
6631 361
6632 404
6633 37
6634 160
6635 147
6636 43
6638 257
6639 112
6640 549
6641 1179
6642 131
6643 190
6644 625
6645 46
6646 90
6647 631
6648 821
6649 76
6650 18
6652 165
6654 64
6655 2
6656 334
6657 9
6658 23
6660 72
6661 126
6662 568
6664 515
6665 329
6666 254
6668 1
6669 10
6670 7
6671 149
6672 334
6674 294
6675 345
6676 83
6677 18
6678 212
6679 55
6680 162
6681 6
6682 147
6684 9
6685 134
6686 9
6687 1059
6689 9
6690 140
6691 777
6692 452
6693 125
6694 243
6696 408
6698 552
6700 64
6702 135
6703 35
6704 24
6705 7
6706 130
6707 22
6708 3
6710 25
6712 14
6713 49
6714 388
6716 666
6717 4
6718 327
6719 6
6720 122
6721 407
6722 253
6723 49
6724 140
6725 21
6726 114
6728 244
6731 72
6732 362
6733 10
6734 31
6736 273
6738 560
6740 22
6741 285
6742 178
6743 120
6744 123
6745 74
6746 6
6747 127
6748 480
6751 28
6752 778
6754 395
6756 140
6758 475
6759 3
6760 71
6761 122
6762 239
6763 142
6764 607
6765 381
6766 87
6767 338
6768 188
6769 94
6770 126
6771 155
6772 96
6773 31
6774 237
6775 342
6776 6
6778 349
6780 33
6781 31
6782 1
6783 6
6784 168
6785 353
6786 257
6788 15
6789 113
6790 460
6792 188
6794 151
6795 247
6796 1
6798 248
6799 3
6801 9
6802 181
6804 150
6805 333
6806 96
6807 15
6808 136
6810 68
6812 332
6814 147
6816 30
6817 7
6818 319
6820 1
6821 22
6822 18
6824 204
6825 60
6826 6
6827 12
6828 66
6829 533
6830 183
6831 114
6832 6
6834 134
6836 475
6837 174
6838 182
6840 62
6841 449
6842 97
6843 210
6844 317
6845 227
6846 317
6847 558
6848 225
6849 45
6850 81
6852 102
6853 130
6854 147
6855 240
6856 280
6857 483
6859 100
6860 31
6861 82
6864 222
6866 368
6867 84
6868 62
6869 93
6872 166
6876 122
6878 42
6879 112
6880 7
6882 24
6883 297
6884 162
6885 2
6886 194
6887 217
6888 128
6889 32
6890 27
6892 6
6893 403
6894 180
6896 257
6898 166
6899 25
6900 64
6902 207
6903 30
6904 200
6905 20
6906 196
6907 216
6908 62
6909 72
6910 198
6911 209
6912 154
6914 306
6916 194
6917 2
6918 60
6919 3
6920 20
6921 87
6923 211
6924 22
6925 1
6928 36
6929 31
6931 231
6932 360
6934 58
6936 12
6937 6
6938 104
6939 26
6940 70
6941 12
6943 4
6944 4
6945 4
6946 1
6948 78
6949 15
6950 112
6951 1
6952 152
6953 13
6954 143
6955 224
6957 29
6959 10
6960 44
6962 99
6963 9
6964 13
6966 73
6968 62
6970 140
6972 96
6976 6
6978 6
6979 11
6980 52
6982 320
6984 28
6988 30
6990 34
6991 302
6994 6
6995 30
6996 5
6997 97
6998 7
7000 15
7001 390
7002 14
7004 8
7005 3
7006 42
7007 6
7008 42
7011 277
7012 49
7013 2
7014 95
7018 153
7020 16
7023 28
7026 129
7027 254
7028 35
7030 23
7032 84
7036 37
7040 123
7041 20
7042 110
7043 2
7044 9
7045 2
7046 15
7047 16
7050 21
7052 106
7054 80
7056 19
7057 21
7060 122
7062 39
7064 29
7065 54
7066 61
7068 52
7070 4
7072 4
7074 7
7076 157
7077 31
7081 24
7085 1
7086 6
7088 63
7089 2
7090 34
7091 419
7094 24
7096 4
7097 9
7100 11
7101 19
7106 50
7107 46
7108 82
7110 13
7111 46
7112 148
7116 9
7118 6
7120 163
7122 75
7123 4
7124 167
7128 12
7130 85
7134 21
7136 374
7137 2
7138 42
7142 157
7145 3
7146 70
7150 17
7151 60
7154 108
7155 120
7156 94
7158 159
7159 2
7160 247
7162 147
7164 18
7166 18
7168 17
7170 54
7174 95
7175 42
7176 138
7178 46
7181 36
7182 88
7184 97
7186 54
7190 15
7191 42
7192 71
7194 54
7195 36
7196 59
7197 62
7200 12
7202 80
7204 51
7206 149
7210 65
7213 4
7214 129
7217 201
7218 12
7220 57
7222 61
7223 66
7224 233
7225 4
7226 144
7229 58
7230 121
7232 256
7234 4
7236 53
7240 96
7242 69
7244 1
7245 51
7247 6
7250 72
7252 15
7253 280
7254 14
7257 525
7258 100
7260 17
7262 151
7266 82
7268 101
7269 16
7272 156
7274 47
7276 19
7277 10
7278 221
7280 7
7281 22
7283 6
7284 10
7285 42
7286 48
7290 79
7292 36
7295 12
7296 248
7298 28
7301 67
7303 447
7304 14
7308 210
7309 62
7312 195
7315 12
7317 75
7318 102
7319 4
7322 224
7324 18
7328 113
7330 3
7335 48
7336 119
7340 28
7341 52
7348 22
7349 13
7350 156
7352 46
7353 58
7358 53
7361 44
7362 130
7363 10
7365 16
7368 39
7376 136
7378 135
7380 27
7381 51
7386 39
7389 57
7390 6
7393 29
7394 12
7396 46
7397 61
7400 54
7404 56
7407 9
7411 7
7412 48
7413 126
7416 8
7424 26
7426 5
7434 3
7436 15
7438 2
7440 5
7444 72
7445 59
7448 3
7449 5
7452 24
7457 1
7458 176
7460 2
7465 30
7466 36
7468 36
7470 1
7472 3
7474 25
7476 87
7478 34
7482 5
7490 21
7492 32
7494 13
7499 7
7502 27
7503 3
7506 77
7510 5
7515 2
7521 89
7529 12
7530 25
7541 81
7544 9
7545 153
7548 9
7549 62
7554 10
7556 11
7560 42
7561 2
7562 8
7565 183
7566 3
7575 90
7581 208
7591 134
7592 5
7595 14
7604 8
7609 4
7610 46
7611 146
7612 13
7614 61
7616 24
7617 243
7623 170
7627 5
7630 5
7643 166
7648 3
7650 69
7652 73
7653 6
7654 2
7658 127
7665 1
7666 7
7668 86
7671 204
7680 87
7684 5
7686 81
7688 91
7689 5
7692 89
7694 55
7697 4
7700 35
7701 3
7702 42
7704 43
7706 62
7716 106
7718 3
7730 32
7735 1
7737 2
7740 73
7746 9
7748 132
7749 33
7778 79
7781 23
7802 26
7805 25
7812 17
7825 5
7829 30
7837 19
7859 2
7862 1
7870 2
7902 2
7907 10
7925 46
7931 53
7943 24
7954 10
7966 36
7974 26
7994 56
8006 26
8012 15
8016 29
8021 10
8038 29
8056 31
8065 11
8070 5
8072 7
8084 20
8093 8
8105 6
8109 13
8120 1
8138 7
8142 6
8144 2
8148 6
8156 60
8162 21
8165 2
8169 2
8237 21
8255 3
8271 2
8273 3
8279 1
8582 26
8586 17
8592 17
8600 15
8610 19
8613 5
8618 17
8628 10
8648 3
8705 11
8717 12
8721 9
8736 31
8739 7
8740 11
8781 9
8813 16
8821 6
8849 12
8853 11
8891 3
10553 3
10555 1
