373 1
380 1
381 2
382 4
389 1
399 1
400 1
404 1
408 5
411 2
412 2
413 8
414 6
415 3
416 4
417 2
418 6
419 3
420 4
421 2
422 5
423 9
424 2
425 4
426 8
427 2
428 10
429 1
430 5
431 8
432 9
433 11
434 6
436 8
437 12
438 4
439 6
440 5
441 13
442 10
443 23
444 12
445 18
446 7
447 29
448 15
449 17
450 16
451 9
452 18
453 14
454 12
455 10
456 26
457 39
458 29
459 35
460 15
461 18
462 22
463 17
464 17
465 30
466 26
467 66
468 19
469 14
470 44
471 13
472 18
473 79
474 35
475 27
476 42
477 81
478 36
479 99
480 32
481 111
482 61
483 77
484 83
485 18
486 76
487 58
488 104
489 57
490 36
491 105
492 100
493 83
494 74
495 57
496 76
497 133
498 78
499 137
500 179
501 92
502 107
503 148
504 75
505 124
506 98
507 155
508 149
509 56
510 181
511 96
512 150
513 472
514 117
515 152
516 284
517 130
518 132
519 224
520 236
521 70
522 139
523 233
524 236
525 311
526 178
527 22
528 470
529 522
530 229
531 356
532 162
533 450
534 181
535 131
536 414
537 757
538 310
539 99
540 373
541 313
542 353
543 413
544 361
545 443
546 420
547 395
548 729
549 405
550 376
551 353
552 549
553 388
554 482
555 1429
556 382
557 317
558 466
559 313
560 744
561 326
562 272
563 180
564 674
565 118
566 710
567 449
568 1581
569 223
570 1375
571 1285
572 577
573 268
574 552
575 309
576 1943
577 302
578 273
579 592
580 560
581 999
582 446
583 340
584 352
585 1285
586 1162
587 1051
588 1074
589 639
590 1252
591 783
592 1603
593 702
594 922
595 835
596 1578
597 1516
598 496
599 108
600 2960
601 990
602 2202
603 575
604 752
605 410
606 1425
607 648
608 1429
609 567
610 5603
611 577
612 1244
613 830
614 934
615 325
616 1811
617 140
618 1262
619 899
620 981
621 713
622 844
623 943
624 1680
625 404
626 723
627 204
628 1422
629 95
630 1109
631 1492
632 1519
633 1592
634 2925
635 1640
636 3843
637 611
638 614
639 894
640 3433
641 358
642 2704
643 385
644 4864
645 771
646 743
647 300
648 1040
649 4178
650 4602
651 846
652 4733
653 779
654 843
655 576
656 1285
657 645
658 768
659 180
660 1310
661 120
662 916
663 672
664 1332
665 2933
666 1772
667 761
668 1808
669 560
670 1909
671 203
672 1488
673 250
674 2293
675 797
676 2790
677 114
678 1912
679 81
680 2959
681 1860
682 1520
683 201
684 2272
685 22
686 2629
687 126
688 2318
689 281
690 1065
691 1864
692 3725
693 844
694 245
695 841
696 859
697 2008
698 1112
699 267
700 456
701 1014
702 3947
703 16
704 630
705 2373
706 642
707 1278
708 1501
709 175
710 1534
711 1387
712 661
714 746
715 349
716 1210
717 1815
718 735
719 66
720 855
721 24
722 612
723 437
724 739
725 496
726 537
727 240
728 1954
729 121
730 260
731 309
732 991
733 228
734 763
735 268
736 404
737 530
738 391
739 124
740 743
741 40
742 856
743 542
744 328
745 135
746 112
747 16
748 1266
749 4
750 796
751 485
752 292
753 521
754 112
755 23
756 839
757 1
758 690
760 81
761 906
762 130
763 620
764 272
765 359
766 71
767 286
768 435
769 90
770 518
771 725
772 193
773 186
774 329
775 3
776 118
777 11
778 64
779 50
780 213
781 495
782 140
783 170
784 173
785 29
786 177
788 458
789 170
790 74
791 31
792 283
793 37
794 321
795 171
796 25
797 1
798 151
799 67
800 128
801 363
802 11
803 284
804 155
806 215
807 155
808 47
809 127
810 162
811 1
812 157
813 18
814 2
815 118
816 65
817 7
818 156
819 117
820 21
821 161
822 25
823 8
824 16
825 7
826 51
828 15
829 37
830 30
831 164
832 28
836 163
838 43
839 18
840 95
842 70
843 40
844 21
845 2
846 80
847 26
848 78
849 21
850 51
852 30
853 148
854 110
855 3
856 74
857 29
858 86
860 17
861 5
862 83
863 4
864 81
865 43
866 14
868 5
870 2
872 36
873 5
874 72
876 33
878 17
879 3
881 34
882 9
885 42
886 4
889 85
892 5
893 103
894 3
896 3
897 2
898 54
899 82
900 47
901 2
902 28
904 41
906 19
908 51
914 11
917 13
922 1
929 22
931 15
934 16
938 11
942 12
944 13
945 7
954 3
956 25
957 1
965 6
969 1
1006 12
1008 9
1010 7
1021 5
1024 13
1029 3
1033 7
1037 5
1237 2
