227 1
239 1
243 1
244 1
247 1
248 1
249 1
250 1
252 1
254 1
256 1
257 1
258 3
259 2
260 1
263 2
264 3
268 9
270 2
272 7
273 10
274 8
276 1
277 3
278 9
279 3
280 11
281 5
282 14
283 1
284 3
285 6
286 4
287 6
288 20
289 7
290 10
291 2
292 44
293 16
294 21
295 2
296 19
297 43
298 37
299 4
300 74
301 19
302 35
303 33
304 26
305 7
306 33
307 13
308 91
309 26
310 54
311 20
312 91
313 30
314 62
315 3
316 56
317 175
318 105
319 51
320 68
321 38
322 79
323 85
324 117
325 95
326 203
327 155
328 64
329 179
330 37
331 46
332 343
333 138
334 141
335 35
336 206
337 219
338 204
339 169
340 178
341 211
342 273
343 450
344 184
345 100
346 198
347 101
348 247
349 67
350 227
351 443
352 452
353 519
354 266
355 138
356 652
357 141
358 308
359 418
360 149
361 208
362 404
363 722
364 339
365 251
366 429
367 335
368 790
369 773
370 278
371 504
372 880
373 279
374 571
375 100
376 557
377 2313
378 416
379 205
380 637
381 146
382 331
383 146
384 520
385 14
386 655
387 345
388 473
389 98
390 959
391 43
392 1562
393 1363
394 381
395 647
396 394
397 637
398 1910
399 187
400 325
401 1706
402 1408
403 1909
404 387
405 161
406 304
407 47
408 801
409 81
410 347
411 1448
412 651
413 39
414 844
415 160
416 1070
417 398
418 438
419 190
420 701
421 166
422 1108
423 592
424 341
425 162
426 1137
427 29
428 929
429 750
430 148
431 591
432 292
433 893
434 656
435 457
436 761
437 43
438 860
439 558
440 90
441 22
442 71
443 627
444 436
445 145
446 280
447 17
448 342
449 89
450 257
451 75
452 252
453 144
454 279
455 12
456 480
457 41
458 381
459 187
460 65
461 107
462 86
463 10
464 292
465 33
466 306
467 9
468 231
469 12
470 25
471 8
472 48
473 84
474 225
476 94
477 6
478 79
479 348
480 103
481 10
482 164
484 193
485 3
486 85
488 102
489 13
490 44
491 13
492 32
493 51
494 3
495 42
496 4
498 46
499 107
500 66
501 47
502 107
504 34
505 12
506 30
508 125
509 3
510 6
512 3
513 2
514 72
516 20
517 35
518 8
519 2
521 9
522 17
523 4
524 5
526 4
527 2
530 2
531 1
532 20
533 8
534 7
535 1
536 17
538 29
544 41
548 32
549 39
553 17
557 21
562 13
564 9
566 2
568 4
569 1
571 5
589 10
595 3
623 1
657 5
659 2
