99 1
101 1
103 1
104 1
105 1
109 2
111 4
113 6
114 4
115 2
116 5
118 3
119 10
120 4
121 35
122 3
123 19
124 31
125 32
126 12
127 21
128 24
129 33
130 19
131 87
132 25
133 16
134 91
135 69
136 113
137 73
138 56
139 34
140 79
141 146
142 113
143 36
144 451
145 23
146 39
147 50
148 75
149 91
150 240
151 31
152 343
153 191
154 320
155 17
156 73
157 234
158 119
159 20
160 133
161 28
162 75
163 5
164 174
165 74
166 96
167 93
168 20
169 109
170 10
171 37
172 53
173 3
174 21
175 41
176 14
177 6
178 4
179 1
180 3
181 20
182 5
184 15
185 3
186 8
187 22
188 1
189 5
190 8
195 14
197 13
198 7
206 2
222 2
225 1
