555 1
559 1
573 1
577 1
587 1
589 1
594 1
595 1
597 2
599 2
601 2
602 1
604 1
609 6
611 1
612 2
616 1
617 2
619 1
620 1
621 3
622 1
623 2
627 3
630 3
631 2
633 3
634 2
635 4
636 2
637 4
639 4
640 6
641 7
643 1
645 3
646 1
647 6
649 12
650 3
651 3
654 4
655 2
656 3
657 13
658 3
659 10
660 8
661 6
662 6
663 2
664 2
665 4
667 9
668 4
669 17
670 8
671 19
672 14
673 16
674 7
675 10
676 14
677 2
678 14
679 8
680 1
681 3
682 7
684 3
685 8
686 11
687 5
688 14
689 10
690 11
691 16
692 15
693 14
694 17
695 36
696 15
697 26
698 7
699 7
700 14
701 6
702 5
703 13
704 6
705 57
706 8
707 50
708 29
709 13
710 9
711 23
712 29
713 32
714 66
715 54
716 17
717 41
718 31
719 29
720 57
721 89
722 14
723 20
724 40
725 43
726 53
727 9
728 31
729 61
730 70
731 23
732 85
733 59
734 67
735 23
736 76
737 54
738 47
739 68
740 66
741 97
742 47
743 21
744 99
745 94
746 59
747 46
748 41
749 35
750 72
751 46
752 75
753 68
754 76
755 135
756 105
757 95
758 76
759 90
760 160
761 72
762 67
763 77
764 64
765 216
766 88
767 99
768 103
769 96
770 174
771 82
772 130
773 72
774 129
775 112
776 166
777 130
778 227
779 265
780 196
781 78
782 68
783 145
784 241
785 234
786 257
787 69
788 126
789 254
790 335
791 158
792 259
793 69
794 101
795 141
796 244
797 118
798 149
799 132
800 341
801 175
802 239
803 244
804 426
805 230
806 238
807 118
808 539
809 237
810 433
811 253
812 193
813 344
814 273
815 205
816 566
817 348
818 386
819 275
820 602
821 166
822 246
823 190
824 466
825 265
826 431
827 158
828 507
829 108
830 1083
831 410
832 595
833 300
834 305
835 207
836 944
837 247
838 576
839 59
840 594
841 454
842 799
843 182
844 324
845 213
846 793
847 228
848 977
849 521
850 727
851 197
852 549
853 147
854 1059
855 607
856 1230
857 480
858 423
859 336
860 1310
861 467
862 1033
863 251
864 792
865 333
866 1024
867 534
868 1014
869 741
870 1635
871 399
872 1372
873 295
874 990
875 583
876 1671
877 313
878 741
879 613
880 1198
881 608
882 1506
883 933
884 1260
885 569
886 1211
887 452
888 2092
889 495
890 1569
891 869
892 1482
893 262
894 1940
895 690
896 2421
897 653
898 2927
899 169
900 2162
901 799
902 440
903 629
904 1429
905 487
906 2161
907 724
908 1597
909 625
910 734
911 560
912 2231
913 538
914 1430
915 420
916 2197
917 80
918 1267
919 2540
920 1919
921 903
922 3582
923 1509
924 4276
925 657
926 1224
927 912
928 1576
929 935
930 1611
931 135
932 4133
933 1393
934 1156
935 495
936 2203
937 216
938 1719
939 423
940 4189
941 502
942 1097
943 699
944 1769
945 1191
946 2769
947 540
948 5184
949 729
950 2636
951 1909
952 2034
953 513
954 3905
955 3435
956 1613
957 1313
958 3614
959 1231
960 3979
961 963
962 2818
963 1574
964 4127
965 578
966 4943
967 961
968 2057
969 820
970 3015
971 3129
972 7111
973 742
974 4442
975 1637
976 3626
977 588
978 2683
979 1174
980 3549
981 1328
982 1860
983 1977
984 4917
985 881
986 2058
987 12967
988 1845
989 338
990 4456
991 240
992 5153
993 833
994 1094
995 420
996 6879
997 1241
998 1156
999 603
1000 3053
1001 546
1002 3117
1003 692
1004 3490
1005 1243
1006 2487
1007 1465
1008 4099
1009 548
1010 3751
1011 1944
1012 3770
1013 213
1014 2204
1015 634
1016 5071
1017 1022
1018 2035
1019 1112
1020 5818
1021 3112
1022 2270
1023 756
1024 2575
1025 1703
1026 9654
1027 6506
1028 2060
1029 8859
1030 1826
1031 92
1032 8515
1033 648
1034 2038
1035 8766
1036 2975
1037 3866
1038 2616
1039 4106
1040 2926
1041 732
1042 12020
1043 1084
1044 2920
1045 165
1046 1844
1047 411
1048 3157
1049 527
1050 11487
1051 5231
1052 11989
1053 2040
1054 1147
1055 10671
1056 5549
1057 828
1058 1732
1059 773
1060 2401
1061 1470
1062 2802
1063 233
1064 2253
1065 2741
1066 3347
1067 597
1068 3582
1069 153
1070 1712
1071 1502
1072 3090
1073 1008
1074 4411
1075 2471
1076 10529
1077 1850
1078 2092
1079 1246
1080 3993
1081 648
1082 3518
1083 409
1084 5610
1085 1949
1086 4777
1087 1490
1088 2064
1089 1359
1090 8063
1091 1702
1092 5810
1093 1652
1094 5475
1095 819
1096 3646
1097 1062
1098 5625
1099 186
1100 4083
1101 3801
1102 4465
1103 384
1104 4317
1105 3484
1106 4422
1107 1729
1108 5207
1109 27
1110 2467
1111 348
1112 5336
1113 3530
1114 6258
1115 3516
1116 3643
1117 107
1118 2925
1119 636
1120 9828
1121 2961
1122 3349
1123 308
1124 5093
1125 1097
1126 3001
1127 2499
1128 4751
1129 222
1130 7156
1131 401
1132 3992
1133 328
1134 1691
1135 5153
1136 6468
1137 756
1138 2269
1139 524
1140 4892
1141 3219
1142 1413
1143 640
1144 1977
1145 3456
1146 5134
1147 140
1148 5610
1149 437
1150 5496
1151 524
1152 1939
1153 429
1154 809
1155 583
1156 1954
1157 730
1158 1720
1159 26
1160 7318
1161 1037
1162 811
1163 184
1164 3048
1165 509
1166 2471
1167 546
1168 1127
1169 294
1170 1782
1171 367
1172 3449
1173 1732
1174 2615
1175 264
1176 3747
1177 971
1178 1892
1179 222
1180 2061
1181 733
1182 2421
1183 281
1184 2258
1185 1470
1186 1961
1187 115
1188 956
1189 34
1190 2856
1191 465
1192 3919
1193 1080
1194 2674
1195 147
1196 2814
1197 1076
1198 561
1199 49
1200 3270
1201 751
1202 1981
1203 121
1204 2430
1205 508
1206 2758
1207 24
1208 2764
1209 1286
1210 518
1211 104
1212 648
1213 147
1214 1212
1215 1387
1216 756
1217 133
1218 1265
1219 131
1220 2531
1221 81
1222 199
1223 437
1224 1712
1225 1527
1226 369
1227 1293
1228 423
1229 2122
1230 1968
1231 66
1232 1379
1233 745
1234 675
1235 19
1236 1252
1237 26
1238 623
1239 96
1240 2651
1241 641
1242 1643
1243 922
1244 678
1245 909
1246 481
1247 73
1248 1482
1249 64
1250 2256
1251 33
1252 633
1253 482
1254 889
1255 279
1256 1166
1257 426
1258 446
1259 76
1260 1041
1261 194
1262 1132
1263 193
1264 611
1265 1116
1266 255
1267 692
1268 817
1269 78
1270 453
1271 531
1272 263
1273 139
1274 562
1275 68
1276 201
1277 199
1278 227
1279 112
1280 779
1281 84
1282 206
1283 98
1284 436
1285 58
1286 604
1287 30
1288 643
1289 536
1290 777
1291 26
1292 669
1293 617
1294 134
1295 362
1296 599
1297 8
1298 5
1299 308
1300 1015
1301 146
1302 706
1303 116
1304 222
1305 440
1306 222
1308 521
1309 85
1310 543
1311 373
1312 71
1313 411
1314 111
1315 91
1316 298
1317 32
1318 133
1319 318
1320 191
1321 313
1322 28
1323 6
1324 96
1325 58
1326 501
1327 284
1328 328
1329 443
1330 3
1331 54
1332 819
1334 305
1335 7
1336 192
1337 387
1338 76
1339 52
1340 321
1341 31
1342 22
1343 1
1344 356
1345 400
1346 38
1347 64
1348 210
1349 78
1350 8
1351 58
1352 26
1353 237
1354 196
1355 505
1356 121
1357 268
1358 180
1359 197
1360 143
1361 2
1362 66
1363 64
1364 141
1365 86
1366 2
1367 3
1368 174
1369 1
1370 54
1371 14
1372 250
1373 32
1374 117
1375 81
1376 8
1377 2
1378 321
1379 25
1380 385
1381 27
1382 225
1384 12
1386 2
1387 19
1388 479
1390 111
1391 126
1392 462
1393 54
1395 136
1396 56
1398 58
1400 168
1401 143
1402 12
1403 141
1404 44
1405 168
1406 290
1407 131
1410 38
1411 335
1412 149
1413 104
1414 95
1416 11
1417 136
1418 27
1420 7
1421 138
1422 163
1424 5
1425 143
1426 36
1427 187
1428 68
1429 8
1430 2
1431 170
1432 4
1433 86
1434 96
1436 34
1437 246
1438 84
1439 1
1440 33
1443 11
1444 34
1446 16
1447 304
1448 44
1449 123
1450 17
1451 2
1452 2
1453 15
1454 2
1456 49
1457 95
1458 15
1460 8
1464 78
1465 124
1466 3
1468 8
1470 75
1476 62
1477 1
1478 66
1479 2
1482 23
1483 25
1486 22
1488 50
1490 39
1491 78
1494 21
1495 55
1496 1
1497 19
1499 12
1501 31
1502 24
1505 2
1506 25
1508 26
1509 72
1510 35
1512 6
1514 21
1515 12
1516 6
1520 8
1524 8
1529 2
1533 2
1534 1
1536 6
1543 2
1544 25
1545 52
1548 10
1550 11
1557 5
1558 5
1560 11
1568 34
1570 14
1572 26
1574 9
1577 9
1578 11
1579 6
1580 3
1582 20
1583 15
1586 1
1590 28
1591 83
1592 18
1594 15
1601 68
1602 22
1604 3
1607 1
1609 8
1613 9
1622 21
1632 8
1641 4
1663 34
1665 27
1669 21
1678 11
1681 33
1688 7
1690 17
1696 11
1758 5
1768 3
1769 1
1894 4
1896 2
1921 2
