1234 1
1337 1
1345 1
1357 1
1359 1
1362 1
1366 2
1368 1
1373 1
1376 1
1377 1
1378 1
1386 2
1387 1
1392 1
1393 1
1400 1
1405 1
1407 1
1414 1
1417 1
1418 1
1422 1
1425 2
1429 1
1433 1
1437 1
1438 1
1441 2
1442 1
1445 2
1446 3
1447 1
1448 1
1449 1
1451 1
1452 2
1456 1
1458 1
1464 1
1465 1
1468 3
1470 1
1472 4
1473 1
1475 1
1476 1
1477 2
1478 2
1481 2
1482 2
1488 1
1490 9
1491 9
1492 6
1496 4
1498 1
1499 4
1500 8
1503 2
1504 1
1505 3
1510 6
1511 1
1512 3
1514 2
1516 2
1518 3
1521 2
1522 5
1523 1
1524 2
1526 6
1527 3
1528 5
1531 2
1532 2
1533 4
1534 4
1535 4
1536 4
1537 6
1538 12
1539 2
1540 3
1541 3
1542 5
1543 2
1544 2
1545 1
1546 4
1548 1
1549 1
1550 4
1551 4
1552 4
1553 1
1554 4
1555 2
1556 4
1557 3
1558 5
1559 2
1560 4
1561 2
1562 17
1563 3
1564 7
1565 1
1566 13
1567 5
1568 6
1569 3
1570 4
1571 6
1572 11
1574 5
1575 7
1576 12
1577 5
1578 6
1579 5
1580 7
1582 8
1583 1
1584 5
1585 2
1586 18
1587 5
1588 15
1589 3
1590 12
1591 3
1592 12
1593 2
1594 8
1595 10
1596 15
1597 1
1598 12
1599 2
1600 36
1601 3
1602 7
1604 7
1605 7
1606 9
1607 7
1608 22
1609 1
1610 7
1611 12
1612 11
1613 5
1614 7
1615 18
1616 26
1617 15
1618 24
1619 18
1620 25
1621 3
1622 25
1623 10
1624 12
1625 9
1626 11
1627 2
1628 13
1629 2
1630 23
1631 15
1632 22
1633 1
1634 16
1635 5
1636 14
1637 8
1638 30
1639 11
1640 5
1641 23
1642 15
1643 6
1644 5
1645 3
1646 11
1647 14
1648 20
1649 19
1650 21
1651 15
1652 40
1653 11
1654 9
1655 19
1656 30
1657 5
1658 41
1659 33
1660 16
1661 11
1662 56
1663 1
1664 43
1665 7
1666 14
1667 9
1668 21
1669 7
1670 18
1671 10
1672 29
1673 14
1674 4
1675 7
1676 14
1677 16
1678 30
1679 21
1680 10
1681 17
1682 71
1683 19
1684 10
1685 25
1686 17
1687 10
1688 43
1689 14
1690 18
1691 5
1692 65
1693 10
1694 24
1695 9
1696 27
1697 17
1698 48
1699 12
1700 24
1701 40
1702 94
1703 15
1704 45
1705 8
1706 43
1707 48
1708 39
1709 28
1710 39
1711 44
1712 48
1713 19
1714 16
1715 17
1716 73
1717 5
1718 69
1719 9
1720 25
1721 18
1722 67
1723 26
1724 35
1725 11
1726 55
1727 79
1728 90
1729 11
1730 54
1731 39
1732 60
1733 51
1734 65
1735 5
1736 92
1737 60
1738 65
1739 52
1740 102
1741 58
1742 95
1743 59
1744 48
1745 68
1746 92
1747 15
1748 73
1749 18
1750 62
1751 52
1752 108
1753 40
1754 54
1755 80
1756 51
1757 51
1758 81
1759 26
1760 138
1761 49
1762 118
1763 52
1764 170
1765 56
1766 127
1767 70
1768 84
1769 78
1770 43
1771 47
1772 125
1773 38
1774 98
1775 28
1776 115
1777 44
1778 138
1779 69
1780 76
1781 44
1782 77
1783 72
1784 127
1785 94
1786 87
1787 32
1788 156
1789 58
1790 139
1791 57
1792 120
1793 19
1794 106
1795 31
1796 140
1797 119
1798 152
1799 85
1800 196
1801 73
1802 215
1803 82
1804 73
1805 144
1806 157
1807 48
1808 134
1809 53
1810 128
1811 77
1812 210
1813 51
1814 75
1815 69
1816 149
1817 62
1818 180
1819 70
1820 139
1821 39
1822 216
1823 72
1824 178
1825 58
1826 289
1827 271
1828 232
1829 110
1830 158
1831 104
1832 250
1833 123
1834 128
1835 51
1836 231
1837 57
1838 146
1839 123
1840 179
1841 79
1842 249
1843 62
1844 135
1845 86
1846 125
1847 253
1848 332
1849 107
1850 159
1851 170
1852 204
1853 147
1854 258
1855 57
1856 220
1857 236
1858 353
1859 138
1860 305
1861 138
1862 162
1863 176
1864 191
1865 82
1866 232
1867 93
1868 257
1869 273
1870 241
1871 138
1872 426
1873 364
1874 325
1875 182
1876 237
1877 114
1878 420
1879 57
1880 327
1881 231
1882 234
1883 152
1884 221
1885 266
1886 192
1887 242
1888 271
1889 384
1890 304
1891 97
1892 448
1893 176
1894 265
1895 374
1896 234
1897 216
1898 203
1899 216
1900 258
1901 122
1902 359
1903 62
1904 274
1905 162
1906 350
1907 461
1908 651
1909 244
1910 279
1911 316
1912 422
1913 222
1914 663
1915 277
1916 390
1917 294
1918 448
1919 118
1920 431
1921 154
1922 330
1923 598
1924 297
1925 302
1926 298
1927 120
1928 570
1929 328
1930 508
1931 403
1932 789
1933 424
1934 385
1935 323
1936 363
1937 247
1938 423
1939 159
1940 403
1941 494
1942 509
1943 485
1944 652
1945 379
1946 416
1947 626
1948 487
1949 399
1950 513
1951 211
1952 730
1953 211
1954 420
1955 352
1956 689
1957 364
1958 482
1959 186
1960 516
1961 292
1962 650
1963 299
1964 552
1965 480
1966 694
1967 636
1968 706
1969 287
1970 537
1971 467
1972 877
1973 742
1974 1011
1975 377
1976 633
1977 727
1978 469
1979 324
1980 751
1981 488
1982 708
1983 480
1984 611
1985 251
1986 691
1987 332
1988 659
1989 726
1990 494
1991 409
1992 1341
1993 756
1994 764
1995 792
1996 625
1997 297
1998 608
1999 354
2000 942
2001 397
2002 764
2003 1100
2004 1161
2005 505
2006 718
2007 675
2008 670
2009 434
2010 921
2011 575
2012 1147
2013 924
2014 631
2015 924
2016 931
2017 680
2018 778
2019 526
2020 851
2021 415
2022 1215
2023 810
2024 813
2025 821
2026 817
2027 639
2028 1875
2029 310
2030 812
2031 619
2032 967
2033 551
2034 1152
2035 865
2036 854
2037 1823
2038 810
2039 693
2040 1532
2041 621
2042 873
2043 819
2044 1045
2045 592
2046 1172
2047 405
2048 1415
2049 1113
2050 785
2051 387
2052 2199
2053 939
2054 1091
2055 636
2056 890
2057 495
2058 1920
2059 684
2060 1248
2061 1244
2062 1054
2063 395
2064 1643
2065 472
2066 804
2067 1123
2068 1797
2069 689
2070 1464
2071 440
2072 1210
2073 917
2074 939
2075 2013
2076 1655
2077 1444
2078 1100
2079 1022
2080 1422
2081 731
2082 1306
2083 1462
2084 1235
2085 2089
2086 857
2087 812
2088 1405
2089 756
2090 1127
2091 1100
2092 1914
2093 1588
2094 1460
2095 1493
2096 1668
2097 2009
2098 1344
2099 1197
2100 2326
2101 1845
2102 1225
2103 771
2104 1784
2105 1023
2106 1968
2107 1633
2108 1329
2109 1175
2110 1370
2111 882
2112 2504
2113 800
2114 1642
2115 2863
2116 2145
2117 857
2118 1987
2119 1990
2120 2874
2121 1299
2122 1949
2123 1504
2124 3532
2125 2364
2126 2036
2127 1436
2128 1939
2129 722
2130 1847
2131 941
2132 2569
2133 2289
2134 1832
2135 944
2136 2748
2137 1310
2138 1450
2139 2614
2140 2409
2141 1842
2142 2330
2143 2019
2144 2338
2145 1669
2146 1267
2147 571
2148 5296
2149 1086
2150 1892
2151 1454
2152 2756
2153 1996
2154 2583
2155 1558
2156 1961
2157 2447
2158 2930
2159 2034
2160 2799
2161 706
2162 1845
2163 1904
2164 4359
2165 1751
2166 2141
2167 2031
2168 2778
2169 1238
2170 2062
2171 916
2172 3905
2173 5205
2174 1547
2175 2421
2176 2807
2177 1260
2178 2642
2179 1655
2180 2982
2181 3481
2182 3226
2183 907
2184 4702
2185 1619
2186 2053
2187 1785
2188 3633
2189 2650
2190 3681
2191 1454
2192 3551
2193 1464
2194 1713
2195 2522
2196 4691
2197 1235
2198 1955
2199 2782
2200 3445
2201 2799
2202 3230
2203 1212
2204 5042
2205 1646
2206 3081
2207 955
2208 5302
2209 771
2210 2600
2211 2217
2212 4140
2213 1226
2214 3103
2215 4513
2216 3034
2217 1778
2218 2277
2219 1101
2220 6451
2221 3834
2222 2789
2223 4315
2224 3408
2225 3355
2226 2960
2227 1019
2228 4608
2229 1858
2230 3282
2231 845
2232 4107
2233 1215
2234 2791
2235 2682
2236 5783
2237 1926
2238 3873
2239 2519
2240 4947
2241 4736
2242 2533
2243 750
2244 5073
2245 4632
2246 4000
2247 2454
2248 6931
2249 907
2250 2640
2251 6780
2252 2605
2253 5346
2254 4112
2255 810
2256 4844
2257 4202
2258 3319
2259 3841
2260 4553
2261 2085
2262 3824
2263 3020
2264 6117
2265 4539
2266 2445
2267 2328
2268 4145
2269 6234
2270 3039
2271 2813
2272 6886
2273 4826
2274 4393
2275 7320
2276 3572
2277 4854
2278 4732
2279 2478
2280 9778
2281 2134
2282 2840
2283 1791
2284 7568
2285 3791
2286 4435
2287 920
2288 5742
2289 5430
2290 4200
2291 3440
2292 8615
2293 4502
2294 4869
2295 3172
2296 8414
2297 685
2298 3641
2299 2726
2300 5136
2301 6654
2302 6230
2303 2745
2304 7798
2305 5029
2306 3509
2307 3825
2308 4294
2309 9237
2310 6476
2311 5823
2312 6164
2313 4258
2314 5319
2315 4499
2316 7015
2317 3299
2318 5048
2319 8393
2320 7430
2321 1596
2322 6973
2323 3967
2324 5898
2325 7323
2326 6193
2327 2650
2328 7757
2329 5703
2330 4608
2331 4661
2332 10469
2333 2990
2334 6829
2335 4427
2336 8011
2337 6419
2338 4288
2339 1095
2340 12661
2341 4461
2342 5418
2343 4727
2344 11489
2345 5516
2346 7552
2347 2995
2348 10743
2349 5102
2350 5475
2351 14377
2352 9130
2353 4478
2354 4108
2355 7864
2356 9510
2357 2367
2358 6394
2359 3261
2360 8541
2361 4174
2362 3947
2363 1741
2364 11497
2365 2327
2366 7898
2367 5146
2368 13481
2369 3311
2370 7125
2371 4281
2372 9120
2373 5985
2374 8587
2375 4825
2376 10107
2377 4375
2378 4587
2379 5593
2380 10148
2381 1810
2382 11081
2383 4662
2384 10038
2385 6009
2386 6023
2387 1573
2388 12543
2389 4132
2390 7090
2391 2478
2392 8997
2393 3191
2394 6768
2395 8133
2396 8043
2397 2313
2398 6513
2399 2015
2400 15317
2401 3378
2402 5124
2403 4385
2404 10486
2405 2684
2406 20796
2407 2670
2408 13534
2409 7887
2410 6536
2411 2328
2412 9538
2413 4420
2414 21639
2415 10678
2416 22802
2417 1828
2418 6767
2419 18179
2420 7168
2421 5408
2422 7831
2423 4493
2424 13803
2425 4559
2426 2971
2427 7619
2428 9823
2429 4259
2430 8218
2431 5525
2432 7658
2433 5182
2434 5322
2435 6439
2436 8474
2437 2185
2438 9072
2439 5925
2440 27156
2441 2358
2442 13712
2443 4293
2444 11393
2445 7373
2446 8840
2447 4405
2448 14663
2449 1622
2450 7109
2451 7979
2452 9851
2453 2822
2454 10181
2455 3819
2456 16658
2457 3645
2458 6020
2459 4593
2460 12825
2461 14871
2462 9032
2463 8422
2464 9018
2465 5067
2466 6134
2467 3244
2468 7667
2469 4162
2470 8627
2471 9068
2472 14697
2473 4120
2474 5169
2475 8794
2476 12545
2477 13926
2478 7612
2479 7009
2480 13482
2481 19869
2482 14457
2483 2416
2484 14514
2485 2536
2486 5704
2487 15957
2488 11389
2489 3225
2490 15525
2491 3576
2492 10391
2493 13454
2494 14089
2495 2108
2496 21626
2497 11347
2498 10842
2499 7636
2500 13289
2501 11272
2502 22770
2503 8812
2504 11838
2505 6304
2506 14732
2507 8237
2508 20086
2509 9200
2510 19656
2511 3267
2512 19189
2513 8984
2514 18249
2515 10675
2516 13026
2517 7330
2518 14863
2519 6755
2520 23281
2521 9641
2522 7570
2523 9555
2524 26700
2525 2396
2526 13104
2527 2022
2528 10620
2529 21241
2530 7362
2531 3563
2532 19280
2533 3496
2534 7432
2535 5494
2536 24612
2537 2359
2538 8045
2539 2577
2540 20616
2541 10461
2542 24848
2543 4502
2544 41897
2545 22971
2546 15800
2547 5730
2548 14585
2549 4937
2550 28556
2551 4013
2552 17222
2553 5835
2554 12613
2555 6557
2556 16413
2557 1003
2558 12450
2559 8278
2560 30465
2561 4993
2562 13322
2563 4608
2564 15916
2565 10118
2566 17336
2567 4674
2568 23111
2569 1338
2570 7422
2571 3002
2572 15985
2573 5574
2574 17836
2575 18725
2576 22529
2577 9012
2578 12803
2579 878
2580 20819
2581 13735
2582 15240
2583 3442
2584 79765
2585 11382
2586 13709
2587 12280
2588 15044
2589 4498
2590 6316
2591 7956
2592 17648
2593 10834
2594 8771
2595 7040
2596 24097
2597 7273
2598 20128
2599 1283
2600 21422
2601 12820
2602 11326
2603 2681
2604 18725
2605 3541
2606 7987
2607 4124
2608 27411
2609 2249
2610 16888
2611 3343
2612 14152
2613 12292
2614 15931
2615 1645
2616 18191
2617 7117
2618 12017
2619 5929
2620 13718
2621 2785
2622 18590
2623 5833
2624 9186
2625 13784
2626 18332
2627 5375
2628 35757
2629 3469
2630 9425
2631 15080
2632 20311
2633 7136
2634 19885
2635 7674
2636 15836
2637 16442
2638 18761
2639 2805
2640 22070
2641 3462
2642 11590
2643 17267
2644 16369
2645 3308
2646 14614
2647 5514
2648 25070
2649 14637
2650 21909
2651 6060
2652 25101
2653 3771
2654 8747
2655 9845
2656 21063
2657 7700
2658 12818
2659 2410
2660 22294
2661 15108
2662 18121
2663 5052
2664 31384
2665 7791
2666 4326
2667 3328
2668 21205
2669 4418
2670 33205
2671 13464
2672 16392
2673 27714
2674 7440
2675 3598
2676 24862
2677 3252
2678 11164
2679 2658
2680 33412
2681 2727
2682 15186
2683 6738
2684 17576
2685 14795
2686 51798
2687 7230
2688 59628
2689 36013
2690 9339
2691 11607
2692 24500
2693 11322
2694 51701
2695 2095
2696 16301
2697 11793
2698 5299
2699 1482
2700 22179
2701 27819
2702 15812
2703 20659
2704 57335
2705 4688
2706 9898
2707 11911
2708 16024
2709 8756
2710 50052
2711 4451
2712 51295
2713 6152
2714 41784
2715 12354
2716 13089
2717 5378
2718 21449
2719 3079
2720 44329
2721 5237
2722 16222
2723 10852
2724 24987
2725 4409
2726 16278
2727 9846
2728 67233
2729 2997
2730 14479
2731 11557
2732 17930
2733 4393
2734 12571
2735 6178
2736 19804
2737 4742
2738 12531
2739 5000
2740 16521
2741 4517
2742 14996
2743 3401
2744 15091
2745 6757
2746 7157
2747 3478
2748 22569
2749 54857
2750 12254
2751 7961
2752 74201
2753 31665
2754 65778
2755 2747
2756 9269
2757 13617
2758 6925
2759 196
2760 19719
2761 8107
2762 62405
2763 9154
2764 21073
2765 7948
2766 16460
2767 5703
2768 25491
2769 7154
2770 5866
2771 6726
2772 25478
2773 4678
2774 8102
2775 14703
2776 16912
2777 14701
2778 19060
2779 4266
2780 18757
2781 11749
2782 6209
2783 9282
2784 17498
2785 5880
2786 10482
2787 10847
2788 23376
2789 3408
2790 24236
2791 2487
2792 19490
2793 5644
2794 15005
2795 5636
2796 30324
2797 930
2798 7463
2799 11004
2800 14985
2801 2269
2802 21618
2803 6299
2804 16182
2805 12524
2806 24977
2807 3709
2808 44312
2809 5041
2810 11093
2811 4527
2812 17680
2813 6134
2814 29627
2815 3924
2816 17399
2817 54309
2818 15434
2819 1507
2820 38254
2821 3967
2822 17129
2823 10580
2824 17647
2825 6769
2826 16126
2827 5086
2828 12843
2829 15440
2830 22752
2831 4240
2832 35307
2833 1814
2834 19509
2835 6702
2836 24500
2837 7406
2838 41280
2839 793
2840 33219
2841 5115
2842 11046
2843 2683
2844 47724
2845 9932
2846 6671
2847 2383
2848 31727
2849 8680
2850 8718
2851 4488
2852 11622
2853 4672
2854 56727
2855 1628
2856 45406
2857 7977
2858 15302
2859 7057
2860 38518
2861 3397
2862 30802
2863 919
2864 23776
2865 18233
2866 20899
2867 316
2868 40558
2869 3255
2870 26870
2871 2351
2872 39977
2873 3052
2874 22920
2875 17413
2876 10039
2877 33324
2878 30094
2879 10663
2880 48883
2881 4623
2882 10680
2883 9698
2884 40807
2885 8013
2886 11179
2887 3485
2888 11268
2889 22008
2890 15676
2891 3292
2892 45310
2893 12001
2894 4218
2895 6052
2896 38175
2897 9188
2898 6522
2899 2037
2900 23660
2901 5431
2902 27366
2903 2838
2904 34273
2905 2498
2906 19049
2907 3217
2908 34469
2909 18152
2910 55437
2911 2407
2912 27186
2913 7047
2914 10434
2915 1272
2916 39304
2917 23009
2918 8211
2919 7099
2920 20776
2921 819
2922 40667
2923 14784
2924 19256
2925 8963
2926 9089
2927 3555
2928 27975
2929 11275
2930 4045
2931 27043
2932 47397
2933 4855
2934 50693
2935 4453
2936 14564
2937 24984
2938 4679
2939 24825
2940 20423
2941 1698
2942 33469
2943 11164
2944 9006
2945 2291
2946 37514
2947 11636
2948 13114
2949 3639
2950 11233
2951 1221
2952 43413
2953 13949
2954 7535
2955 15051
2956 8682
2957 38066
2958 9613
2959 2425
2960 15667
2961 16391
2962 33165
2963 3049
2964 20293
2965 8359
2966 13172
2967 1775
2968 11152
2969 438
2970 18453
2971 2805
2972 42588
2973 18200
2974 23495
2975 1691
2976 28307
2977 13407
2978 7155
2979 6778
2980 20932
2981 2284
2982 15679
2983 2475
2984 14352
2985 16445
2986 8311
2987 20226
2988 28779
2989 823
2990 6010
2991 6929
2992 18880
2993 1285
2994 20014
2995 1383
2996 15847
2997 17989
2998 13259
2999 16733
3000 23525
3001 18684
3002 22107
3003 6927
3004 16095
3005 2997
3006 27365
3007 993
3008 14929
3009 3550
3010 6583
3011 19306
3012 33099
3013 3369
3014 6315
3015 4092
3016 7877
3017 2764
3018 16443
3019 958
3020 28441
3021 4837
3022 14327
3023 2129
3024 27788
3025 2374
3026 9707
3027 3404
3028 27893
3029 2120
3030 25973
3031 1338
3032 13563
3033 11923
3034 7700
3035 10560
3036 12331
3037 25852
3038 5618
3039 6439
3040 16558
3041 3219
3042 17765
3043 1405
3044 14610
3045 2122
3046 16459
3047 841
3048 21441
3049 2788
3050 12860
3051 1984
3052 11173
3053 2451
3054 28966
3055 3714
3056 26388
3057 3202
3058 5296
3059 2675
3060 27901
3061 2538
3062 9097
3063 3596
3064 25712
3065 473
3066 10267
3067 4952
3068 9063
3069 2380
3070 16397
3071 9374
3072 35470
3073 1065
3074 3380
3075 11538
3076 30913
3077 7922
3078 6941
3079 1227
3080 12291
3081 5809
3082 15000
3083 4970
3084 17853
3085 2904
3086 7898
3087 6725
3088 12145
3089 2508
3090 16859
3091 3886
3092 10506
3093 3257
3094 18509
3095 2230
3096 34930
3097 2421
3098 22872
3099 8346
3100 23716
3101 3504
3102 9568
3103 1627
3104 8695
3105 14255
3106 6114
3107 3299
3108 8213
3109 219
3110 10271
3111 1171
3112 27878
3113 679
3114 14540
3115 3827
3116 18806
3117 11286
3118 14810
3119 366
3120 10008
3121 7704
3122 5562
3123 5648
3124 25579
3125 132
3126 22012
3127 5507
3128 10971
3129 6020
3130 3848
3131 1610
3132 28102
3133 728
3134 8909
3135 4465
3136 23765
3137 209
3138 9187
3139 780
3140 5453
3141 12168
3142 18168
3143 2701
3144 19061
3145 7163
3146 1404
3147 22437
3148 4801
3149 11839
3150 11593
3151 5684
3152 14211
3153 1158
3154 11150
3155 12649
3156 22121
3157 5419
3158 8636
3159 1214
3160 12624
3161 5728
3162 3086
3163 544
3164 4161
3165 14048
3166 8745
3167 5348
3168 11450
3169 6549
3170 10209
3171 1094
3172 20236
3173 232
3174 5484
3175 5325
3176 7174
3177 659
3178 2202
3179 6562
3180 15219
3181 6316
3182 21225
3183 684
3184 4101
3185 626
3186 13716
3187 83
3188 4987
3189 8509
3190 5821
3191 13472
3192 11226
3193 7750
3194 4514
3195 8861
3196 16612
3197 4186
3198 6630
3199 3052
3200 4327
3201 3373
3202 15100
3203 508
3204 8036
3205 886
3206 14293
3207 884
3208 7663
3209 767
3210 13912
3211 17451
3212 6805
3213 451
3214 5263
3215 543
3216 6784
3217 5806
3218 8456
3219 4967
3220 9418
3221 16506
3222 5107
3223 542
3224 8249
3225 3995
3226 3446
3227 294
3228 10151
3229 9167
3230 2676
3231 4828
3232 9126
3233 3247
3234 4618
3235 966
3236 17380
3237 990
3238 2854
3239 4540
3240 18829
3241 8514
3242 13045
3243 1138
3244 3418
3245 834
3246 5975
3247 8888
3248 5256
3249 4629
3250 2631
3251 3701
3252 13903
3253 369
3254 5138
3255 6534
3256 12629
3257 342
3258 4506
3259 37
3260 6161
3261 2528
3262 5379
3263 844
3264 12282
3265 2611
3266 5642
3267 3457
3268 5324
3269 1840
3270 7522
3271 10437
3272 3301
3273 893
3274 5642
3275 4565
3276 7689
3277 275
3278 7133
3279 4532
3280 7949
3281 1678
3282 3823
3283 2772
3284 7440
3285 5164
3286 7144
3287 229
3288 10045
3289 777
3290 1294
3291 2410
3292 6880
3293 661
3294 3978
3295 1187
3296 6423
3297 3639
3298 3639
3299 14
3300 3354
3301 1370
3302 6747
3303 1333
3304 4816
3305 3027
3306 5505
3307 2291
3308 8689
3309 2200
3310 4294
3311 6488
3312 11096
3313 915
3314 2631
3315 2965
3316 6146
3317 108
3318 3380
3319 2110
3320 11112
3321 2375
3322 6816
3323 2215
3324 3348
3325 325
3326 4732
3327 1929
3328 1587
3329 50
3330 6741
3331 2350
3332 4585
3333 3135
3334 5947
3335 2871
3336 9415
3337 744
3338 874
3339 762
3340 6258
3341 3264
3342 1767
3343 103
3344 5199
3345 4134
3346 3732
3347 3592
3348 4684
3349 3587
3350 3738
3351 686
3352 5477
3353 91
3354 2494
3355 1109
3356 7013
3357 1227
3358 3738
3359 1083
3360 4075
3361 564
3362 6410
3363 668
3364 2924
3365 2563
3366 2701
3367 842
3368 2382
3369 1304
3370 3501
3371 219
3372 5423
3373 743
3374 1201
3375 4196
3376 7164
3377 102
3378 5454
3379 4443
3380 3686
3381 3699
3382 1741
3383 146
3384 4587
3385 1601
3386 4943
3387 1246
3388 1686
3389 56
3390 5192
3391 685
3392 7143
3393 1850
3394 647
3395 394
3396 3791
3397 137
3398 1987
3399 222
3400 2570
3401 4535
3402 3536
3403 96
3404 5047
3405 1339
3406 918
3407 4919
3408 4293
3409 12
3410 270
3411 804
3412 8177
3413 201
3414 1982
3415 130
3416 5885
3417 2066
3418 3714
3419 1005
3420 5121
3421 700
3422 5130
3423 226
3424 3987
3425 3080
3426 4341
3427 2708
3428 2007
3429 208
3430 2168
3431 2369
3432 1866
3433 284
3434 560
3435 4328
3436 2178
3437 19
3438 3499
3439 158
3440 1644
3441 3687
3442 1789
3443 6
3444 2433
3445 519
3446 818
3447 790
3448 6265
3449 815
3450 1177
3451 35
3452 6510
3453 928
3454 1433
3455 413
3456 3848
3457 3350
3458 6673
3459 94
3460 2534
3461 28
3462 3344
3463 352
3464 2990
3465 110
3466 1446
3467 454
3468 2202
3469 103
3470 2157
3471 4181
3472 2316
3473 3515
3474 1510
3475 1857
3476 2792
3477 4186
3478 2168
3479 2283
3480 3904
3481 4420
3482 1549
3483 1875
3484 659
3485 499
3486 1387
3487 93
3488 990
3489 502
3490 3683
3491 2970
3492 2293
3493 436
3494 978
3495 2543
3496 2516
3497 500
3498 215
3499 316
3500 1254
3501 108
3502 1309
3503 86
3504 2175
3505 422
3506 2418
3507 396
3508 3236
3509 55
3510 1840
3511 13
3512 1680
3513 181
3514 233
3515 36
3516 3934
3517 5035
3518 3559
3519 91
3520 4272
3521 2300
3522 3253
3523 316
3524 1215
3525 915
3526 493
3527 2087
3528 2335
3529 504
3530 1643
3531 432
3532 2105
3533 610
3534 2093
3535 16
3536 2827
3537 257
3538 1110
3539 30
3540 1917
3541 364
3542 2099
3543 201
3544 2395
3545 87
3546 1444
3547 28
3548 493
3549 347
3550 1711
3551 203
3552 831
3553 5
3554 2274
3555 1546
3556 2543
3557 68
3558 1368
3559 456
3560 540
3561 419
3562 1655
3563 2871
3564 820
3565 985
3566 1337
3567 1502
3568 697
3569 648
3570 1795
3571 891
3572 3051
3573 505
3574 932
3575 302
3576 2575
3577 256
3578 1213
3579 927
3580 2783
3581 812
3582 315
3583 483
3584 572
3585 2181
3586 935
3587 92
3588 406
3589 648
3590 1194
3591 118
3592 3401
3593 559
3594 784
3595 1340
3596 4539
3597 298
3598 2137
3599 9
3600 1566
3601 4
3602 3066
3603 447
3604 475
3605 35
3606 1771
3607 1
3608 467
3609 133
3610 1438
3611 2306
3612 410
3613 27
3614 220
3615 833
3616 1781
3617 82
3618 442
3620 1196
3621 210
3622 1527
3623 89
3624 2017
3625 2300
3626 771
3627 528
3628 1862
3630 356
3631 618
3632 2269
3633 504
3634 1163
3635 24
3636 803
3637 1234
3638 3292
3639 98
3640 381
3641 280
3642 1061
3643 791
3644 405
3645 2304
3646 1890
3648 517
3649 83
3650 673
3651 62
3652 488
3653 659
3654 1312
3655 1800
3656 2422
3657 1027
3658 89
3659 720
3660 982
3661 36
3662 705
3663 36
3664 508
3665 1775
3666 1471
3667 1
3668 1706
3669 54
3670 779
3671 711
3672 1478
3673 6
3674 1025
3675 1251
3676 1295
3677 2068
3678 976
3679 40
3680 1798
3681 1034
3682 970
3683 16
3684 1718
3685 61
3686 221
3687 165
3688 889
3689 45
3690 313
3691 561
3692 1079
3693 796
3694 787
3695 1798
3696 500
3697 145
3698 2143
3699 59
3700 503
3701 40
3702 275
3703 927
3704 720
3705 82
3706 81
3707 38
3708 834
3709 109
3710 1033
3711 1056
3712 1635
3713 749
3714 563
3715 985
3716 553
3717 22
3718 1338
3719 40
3720 852
3721 54
3722 937
3724 183
3725 594
3726 1262
3727 487
3728 1376
3729 70
3730 145
3731 135
3732 194
3733 852
3734 40
3735 10
3736 1181
3737 154
3738 177
3739 17
3740 554
3741 78
3742 789
3743 1010
3744 237
3745 46
3746 649
3747 132
3748 178
3749 493
3750 1181
3751 3
3752 1140
3753 160
3754 99
3755 84
3756 517
3757 522
3758 887
3759 64
3760 550
3761 969
3762 108
3764 498
3765 96
3766 592
3767 1416
3768 312
3769 1
3770 326
3771 18
3772 200
3773 25
3774 523
3775 26
3776 1006
3777 42
3778 282
3779 2
3780 687
3781 68
3782 355
3783 235
3784 81
3785 384
3786 311
3787 7
3788 150
3789 18
3790 206
3792 780
3793 1123
3794 6
3795 339
3796 316
3797 131
3798 623
3800 55
3801 15
3802 186
3803 165
3804 375
3805 185
3806 215
3807 14
3808 293
3809 16
3810 527
3812 506
3813 68
3814 253
3815 81
3816 719
3817 21
3818 1046
3819 21
3820 258
3821 2
3822 22
3823 167
3824 498
3825 271
3826 624
3827 124
3828 371
3830 989
3832 714
3833 41
3834 167
3835 39
3836 413
3837 308
3838 976
3839 8
3840 512
3841 156
3842 311
3844 311
3845 116
3846 879
3847 12
3848 477
3849 160
3850 155
3851 192
3852 178
3853 76
3854 97
3855 22
3856 30
3858 253
3859 6
3860 93
3861 132
3863 112
3864 186
3865 169
3866 352
3867 2
3868 36
3869 86
3870 469
3871 15
3872 909
3873 27
3874 471
3875 23
3876 96
3877 6
3878 742
3879 150
3880 782
3881 12
3882 200
3883 44
3884 684
3885 54
3886 86
3887 14
3888 628
3889 83
3890 1001
3891 851
3892 160
3893 141
3894 254
3895 12
3896 981
3897 43
3898 354
3899 16
3900 153
3901 194
3902 474
3903 50
3904 267
3905 40
3906 271
3907 180
3908 631
3909 86
3910 257
3911 451
3912 756
3914 290
3915 78
3916 9
3917 203
3918 3
3919 70
3920 428
3921 464
3922 478
3924 218
3925 4
3926 54
3928 86
3929 164
3930 648
3932 171
3933 204
3934 29
3936 600
3937 44
3938 104
3939 1
3940 413
3942 37
3943 32
3944 24
3945 14
3946 191
3947 152
3948 180
3949 68
3950 133
3951 85
3952 183
3953 235
3954 12
3956 599
3957 190
3958 140
3960 22
3961 12
3962 545
3964 213
3965 51
3966 103
3968 33
3969 48
3970 23
3972 258
3973 333
3974 5
3975 1
3976 625
3978 20
3980 633
3981 219
3982 35
3983 22
3984 208
3986 8
3987 58
3988 46
3990 516
3992 109
3994 102
3995 8
3996 251
3997 344
3998 88
4000 69
4001 27
4002 355
4003 5
4004 40
4006 21
4008 168
4009 226
4010 218
4012 42
4013 6
4014 56
4016 132
4018 232
4019 20
4020 193
4022 29
4023 13
4024 26
4025 223
4026 148
4028 72
4030 72
4032 13
4034 115
4035 418
4036 39
4038 272
4040 150
4041 106
4043 2
4044 169
4045 9
4046 300
4048 145
4050 148
4051 271
4052 175
4053 290
4054 18
4055 537
4056 80
4058 131
4060 55
4061 66
4062 82
4064 67
4065 43
4066 150
4068 133
4069 6
4071 650
4072 19
4074 22
4075 625
4076 163
4077 6
4078 19
4080 312
4082 55
4083 141
4084 32
4085 72
4086 159
4087 6
4091 41
4092 13
4093 12
4094 534
4096 162
4098 20
4099 43
4100 350
4101 592
4102 68
4104 268
4105 8
4106 650
4107 5
4108 49
4109 14
4110 246
4112 52
4113 2
4114 51
4116 480
4117 23
4118 175
4119 13
4120 2
4122 82
4123 7
4124 276
4125 9
4126 77
4129 5
4130 22
4131 9
4132 10
4133 62
4134 24
4135 56
4136 86
4137 2
4140 62
4141 4
4142 203
4143 1
4144 333
4145 8
4146 420
4148 68
4149 166
4152 144
4153 25
4155 2
4156 53
4157 15
4160 229
4161 91
4163 61
4164 4
4166 59
4168 147
4169 59
4170 109
4173 18
4176 5
4182 5
4185 72
4187 14
4188 87
4190 73
4191 43
4192 2
4194 7
4195 5
4197 115
4198 75
4200 79
4204 17
4205 79
4208 86
4213 78
4214 7
4215 171
4217 88
4219 81
4220 14
4225 94
4227 81
4230 42
4232 16
4234 10
4237 45
4238 65
4239 41
4243 2
4247 14
4250 90
4251 47
4254 77
4255 250
4258 98
4260 83
4261 178
4268 126
4270 88
4272 28
4274 14
4276 80
4277 121
4278 135
4280 99
4285 39
4288 108
4290 10
4292 11
4293 39
4294 87
4296 95
4298 78
4300 91
4301 43
4302 55
4306 18
4308 94
4313 34
4316 88
4318 55
4319 43
4320 42
4324 14
4325 28
4326 34
4328 9
4329 41
4332 220
4333 21
4336 133
4337 7
4338 127
4341 6
4342 14
4343 9
4345 6
4348 123
4350 14
4356 16
4357 43
4360 8
4364 8
4368 6
4372 6
4374 30
4377 68
4386 185
4395 8
4397 9
4400 26
4403 3
4404 38
4405 33
4406 8
4409 2
4413 99
4420 2
4422 21
4425 10
4429 64
4430 3
4431 6
4437 8
4438 1
4439 13
4445 12
4446 2
4447 10
4448 10
4450 37
4451 6
4454 8
4455 6
4458 28
4459 10
4463 10
4465 10
4468 7
4472 5
4476 5
4480 32
4482 4
4483 11
4486 2
4490 11
4492 14
4499 5
4501 4
4510 7
4522 5
4524 13
4531 1
4532 10
4534 5
4536 2
4540 40
4548 11
4549 13
4558 17
4562 30
4567 9
4568 53
4573 17
4576 5
4578 51
4581 15
4582 12
4586 71
4588 30
4590 3
4591 5
4596 46
4602 5
4606 50
4608 21
4633 22
4634 2
4637 15
4640 95
4644 70
4655 27
4656 66
4665 29
4676 79
4681 49
4685 34
4689 35
4694 14
4699 33
4701 61
4705 36
4721 41
4735 28
4743 17
4753 53
4773 20
4775 10
4794 26
4798 19
4800 19
4812 15
4821 5
4830 5
4836 11
4848 9
4854 7
4856 1
4857 1
4863 12
4875 13
4879 11
4914 4
5025 23
5029 9
5079 9
5297 1
5315 3
5317 2
5318 1
5605 11
5607 5
5623 7
5642 1
