155 1
168 2
169 5
171 4
172 2
173 5
174 4
175 2
176 4
177 6
178 4
179 6
180 1
181 10
183 4
184 19
185 9
186 20
187 6
188 4
189 16
190 23
191 4
192 12
193 23
194 16
195 10
196 87
197 25
198 41
199 3
200 66
201 28
202 91
203 17
204 75
205 64
206 38
207 26
208 155
209 41
210 91
211 24
212 233
213 68
214 80
215 14
216 117
217 196
218 249
219 34
220 264
221 38
222 261
223 13
224 269
225 127
226 186
227 118
228 417
229 170
230 324
231 91
232 256
233 884
234 142
235 18
236 355
237 110
238 76
239 81
240 257
241 278
242 301
243 460
244 114
245 281
246 856
247 46
248 824
249 856
250 104
251 33
252 151
253 35
254 690
255 97
256 216
257 35
258 462
259 169
260 259
261 75
262 419
263 64
264 531
265 8
266 195
267 13
268 247
269 425
270 175
271 8
272 319
273 6
274 317
275 16
276 111
277 115
278 110
279 24
280 7
281 44
282 82
283 17
284 153
285 34
286 32
287 4
288 12
290 14
291 1
292 149
293 83
294 1
296 7
297 84
300 27
302 51
304 61
305 2
307 22
308 2
309 21
310 20
311 20
313 30
314 1
315 1
316 6
317 29
319 15
326 6
327 3
328 3
331 3
333 2
334 1
340 4
342 2
346 2
349 10
351 11
367 5
370 2
