1 1478602
4 1158611
8 17108
10 3122
12 688
14 74
15 299818
16 238693
31 7922
32 2406
39 1361
40 148
44 125
47 161
48 5
52 6
56 73189
60 80083
63 7
64 12226
76 2
110 1388
116 1014
120 1303
124 390
128 23
140 174
146 67
150 2
152 122
156 8
160 4
164 2
170 8
172 9
192 4182
208 2447
209 14225
224 10444
225 4841
232 3
234 1
240 2786
256 89
409 208
416 42
425 286
432 12
433 56
440 32
448 3
449 130
464 51
465 6
480 8
496 8
521 5
528 1
545 11
712 1806
768 423
776 927
780 1873
832 123
836 771
840 692
896 90
900 90
960 3
1392 9
1460 14
1480 1
1500 12
1512 1
1520 2
1526 4
1544 1
1548 1
1580 10
1590 5
1608 2
1640 7
2415 145
2624 31
2639 123
2640 84
2656 185
2848 44
2864 5
2880 21
2895 45
2896 55
2911 116
3072 3
3104 7
3120 16
3135 12
3136 9
5100 1
8880 6
8948 28
8960 3
9660 1
9720 1
9728 1
9780 2
9784 1
9844 5
9848 4
9856 1
9912 4
30016 1
30305 1
