1 5267171
4 4449273
8 69577
10 13677
12 3446
14 612
15 1173567
16 1042470
31 33680
32 13030
39 6635
40 1075
44 680
47 1213
48 60
52 98
55 50
56 294092
60 376447
63 57
64 68408
76 26
79 2
91 1
110 6244
116 4937
120 6453
124 2771
128 258
140 972
146 538
150 36
152 877
156 132
160 43
164 30
170 108
172 130
176 24
184 57
186 2
192 17111
208 10083
209 60835
224 55906
225 26033
232 46
234 14
240 19240
244 4
256 805
282 1
409 1163
416 198
425 1559
432 82
433 428
440 296
448 43
449 933
464 390
465 100
480 115
496 75
521 74
528 14
544 2
545 163
560 5
569 30
592 16
593 2
596 1
608 3
620 5
624 2
712 7922
768 2505
776 4334
780 9165
800 1
820 2
824 1
832 865
833 1
836 5372
840 4981
864 1
896 1000
900 978
960 72
1024 1
1392 71
1460 103
1480 14
1500 95
1512 12
1520 22
1526 60
1536 1
1544 12
1548 12
1580 134
1590 74
1608 26
1612 2
1616 9
1636 7
1640 76
1650 4
1664 2
1672 4
1676 19
1680 12
1700 9
1736 16
1776 2
1792 4
1832 1
1844 2
1878 2
1928 4
1950 5
2415 705
2624 134
2639 623
2640 395
2656 1014
2848 390
2864 32
2880 184
2895 331
2896 384
2911 903
3072 24
3104 106
3120 246
3135 200
3136 106
3328 2
3344 14
3360 25
3375 6
5100 8
5135 1
5159 2
5168 1
5263 1
5376 3
5391 1
5415 2
5424 2
5431 1
5575 5
5631 4
5680 1
5775 3
8880 41
8948 208
8960 24
9660 16
9720 10
9728 10
9780 24
9784 12
9844 66
9848 52
9856 12
9912 56
10496 1
10556 4
10560 3
10624 7
10680 8
10688 1
10744 2
10752 5
10800 2
10804 12
10808 11
10864 23
30016 7
30305 5
32625 1
32881 1
32896 2
32944 1
33105 1
33136 2
33152 2
33153 3
33184 1
33216 1
33377 4
33728 1
100352 1
