1 18840144
4 17056155
8 278842
10 57840
12 15648
14 3617
15 4570201
16 4486930
31 139774
32 66281
39 30370
40 6775
44 3443
47 6898
48 605
52 832
55 758
56 1168632
60 1717886
63 312
64 362065
76 222
79 32
80 1
91 5
92 10
96 3
110 27279
116 22607
120 30414
124 17115
128 2069
140 4821
146 3208
150 370
152 4746
156 1271
160 248
164 239
170 855
172 999
176 347
180 7
184 613
186 34
188 32
192 69613
194 10
200 33
204 61
208 40725
209 253340
224 280911
225 132099
232 371
234 105
240 119100
244 56
248 3
252 2
256 6536
282 16
294 7
296 15
409 5714
416 927
425 7545
432 444
433 2484
440 2150
448 437
449 5178
464 2472
465 986
480 1142
496 514
512 4
521 579
528 105
544 28
545 1291
560 91
569 429
584 18
585 16
592 184
593 30
596 16
608 67
612 4
620 78
624 30
633 21
640 7
641 14
644 14
665 54
672 35
684 1
712 33680
768 13412
776 19164
780 41617
800 5
820 26
824 16
832 5237
833 8
836 32661
840 30982
849 2
864 7
865 2
868 5
873 1
896 8357
897 10
900 8123
905 8
960 976
989 1
1024 8
1392 404
1460 568
1480 107
1500 490
1512 80
1520 165
1526 482
1536 9
1544 78
1548 80
1580 971
1590 589
1608 184
1612 28
1616 137
1636 116
1640 515
1650 72
1664 17
1672 54
1676 269
1680 123
1700 148
1728 3
1732 15
1736 217
1740 14
1760 6
1776 26
1792 20
1796 31
1800 14
1832 7
1844 32
1856 8
1864 2
1878 30
1928 55
1938 3
1944 9
1950 50
1960 2
1966 2
1984 2
2028 33
2040 17
2056 5
2118 2
2120 28
2148 1
2166 1
2208 1
2240 1
2415 3122
2624 600
2639 2908
2640 1835
2656 4937
2848 2771
2864 154
2880 1264
2895 1868
2896 2074
2911 5167
2918 1
3030 1
3072 272
3104 962
3120 2301
3135 1945
3136 1040
3328 32
3344 245
3360 480
3375 78
3584 9
3600 16
5100 70
5135 14
5159 32
5168 14
5263 14
5376 46
5391 12
5415 28
5424 28
5431 14
5487 2
5488 2
5504 2
5568 2
5575 74
5616 1
5631 54
5639 2
5664 2
5671 5
5680 14
5695 8
5696 1
5728 4
5743 1
5760 3
5775 40
5776 1
5840 7
5871 5
5895 19
5911 17
5920 2
5935 9
5968 4
5983 4
6000 3
6016 3
6096 16
6135 16
6208 3
6223 1
6320 4
6631 1
6660 1
6880 2
8880 198
8948 1163
8960 99
9660 148
9720 59
9728 57
9780 162
9784 82
9844 481
9848 370
9856 82
9912 428
10496 9
10556 62
10560 38
10624 112
10680 109
10688 6
10744 24
10752 54
10800 22
10804 169
10808 142
10864 275
11392 6
11456 1
11520 7
11580 14
11584 13
11640 14
11644 31
11648 5
11700 27
11704 30
17378 1
17480 1
18274 1
18292 1
18444 1
18820 1
18900 1
18940 2
18960 2
19312 1
19620 2
19810 2
20250 1
30016 55
30305 40
32625 3
32881 12
32896 24
32944 12
33105 7
33136 22
33152 21
33153 28
33184 12
33216 12
33377 60
33728 7
35520 1
35792 7
35840 2
36000 1
36016 1
36225 3
36241 2
36256 1
36272 2
36288 2
36480 4
36481 6
36512 1
36528 2
36544 2
36720 5
36736 6
36737 10
36752 8
36768 2
36800 2
36864 1
36992 9
100352 2
110220 1
111104 1
111116 1
111184 2
111308 1
112272 2
112456 1
